[0.0042, 1]
[0.00414, 2]
[0.00687, 3]
[0.00466, 4]
[0.00452, 5]
[0.00483, 6]
[0.00485, 7]
[0.00419, 8]
[0.00469, 9]
[0.00538, 10]
[0.00464, 11]
[0.0041, 12]
[0.00435, 13]
[0.00496, 14]
[0.00452, 15]
[0.00926, 16]
[0.0046, 17]
[0.00471, 18]
[0.00501, 19]
[0.00687, 20]
[0.00484, 21]
[0.00403, 22]
[0.00529, 23]
[0.0046, 24]
[0.00506, 25]
[0.0052, 26]
[0.00563, 27]
[0.00496, 28]
[0.00452, 29]
[0.00489, 30]
[0.01053, 31]
[0.01004, 32]
[0.00872, 33]
[0.00579, 34]
[0.00469, 35]
[0.00423, 36]
[0.00476, 37]
[0.00428, 38]
[0.0047, 39]
[0.00514, 40]
[0.00586, 41]
[0.00415, 42]
[0.00577, 43]
[0.00439, 44]
[0.00471, 45]
[0.00448, 46]
[0.00471, 47]
[0.00459, 48]
[0.01992, 49]
[0.00542, 50]
[0.00453, 51]
[0.00432, 52]
[0.00504, 53]
[0.00495, 54]
[0.00446, 55]
[0.00445, 56]
[0.0061, 57]
[0.00526, 58]
[0.00714, 59]
[0.00543, 60]
[0.00479, 61]
[0.00448, 62]
[0.00629, 63]
[0.00494, 64]
[0.00435, 65]
[0.00495, 66]
[0.00604, 67]
[0.0051, 68]
[0.00699, 69]
[0.00517, 70]
[0.00472, 71]
[0.00707, 72]
[0.00428, 73]
[0.00515, 74]
[0.00713, 75]
[0.00498, 76]
[0.00484, 77]
[0.00446, 78]
[0.00479, 79]
[0.00466, 80]
[0.00489, 81]
[0.00427, 82]
[0.00449, 83]
[0.00545, 84]
[0.00464, 85]
[0.00537, 86]
[0.00514, 87]
[0.00429, 88]
[0.00423, 89]
[0.0044, 90]
[0.00462, 91]
[0.00474, 92]
[0.00484, 93]
[0.00495, 94]
[0.00478, 95]
[0.00429, 96]
[0.00514, 97]
[0.00467, 98]
[0.00511, 99]
[0.00459, 100]
[0.00542, 101]
[0.00491, 102]
[0.00521, 103]
[0.00509, 104]
[0.00667, 105]
[0.00477, 106]
[0.0043, 107]
[0.00497, 108]
[0.00473, 109]
[0.00439, 110]
[0.00476, 111]
[0.00569, 112]
[0.00488, 114]
[0.00532, 115]
[0.01011, 116]
[0.00496, 117]
[0.00481, 118]
[0.00501, 119]
[0.00481, 121]
[0.00463, 122]
[0.00497, 123]
[0.00539, 124]
[0.00499, 125]
[0.0048, 127]
[0.00519, 128]
[0.00439, 129]
[0.00466, 131]
[0.00526, 132]
[0.00686, 133]
[0.00494, 135]
[0.00499, 136]
[0.00549, 137]
[0.00644, 139]
[0.00499, 140]
[0.00909, 141]
[0.00544, 143]
[0.0046, 144]
[0.00532, 146]
[0.0084, 147]
[0.00626, 149]
[0.00691, 150]
[0.00524, 152]
[0.00547, 153]
[0.0053, 155]
[0.00475, 156]
[0.00551, 158]
[0.00562, 159]
[0.00535, 161]
[0.0063, 163]
[0.00672, 164]
[0.00506, 166]
[0.00566, 168]
[0.00456, 169]
[0.00907, 171]
[0.0048, 173]
[0.00619, 174]
[0.00485, 176]
[0.00707, 178]
[0.00522, 180]
[0.00502, 182]
[0.00517, 183]
[0.00519, 185]
[0.00527, 187]
[0.00552, 189]
[0.00528, 191]
[0.00512, 193]
[0.00483, 195]
[0.00502, 197]
[0.00546, 199]
[0.00493, 201]
[0.01099, 203]
[0.00981, 205]
[0.00556, 207]
[0.00482, 209]
[0.00485, 211]
[0.00555, 213]
[0.00517, 215]
[0.00533, 217]
[0.00492, 219]
[0.00571, 222]
[0.00506, 224]
[0.00708, 226]
[0.00491, 228]
[0.00547, 231]
[0.0052, 233]
[0.00532, 235]
[0.00516, 238]
[0.00656, 240]
[0.00645, 242]
[0.00482, 245]
[0.00564, 247]
[0.00537, 250]
[0.0047, 252]
[0.00531, 255]
[0.00572, 257]
[0.00504, 260]
[0.01014, 263]
[0.00509, 265]
[0.00729, 268]
[0.0091, 270]
[0.00504, 273]
[0.00487, 276]
[0.00535, 279]
[0.00496, 281]
[0.00502, 284]
[0.00558, 287]
[0.00539, 290]
[0.01314, 293]
[0.00719, 296]
[0.00753, 299]
[0.00488, 302]
[0.00872, 305]
[0.00506, 308]
[0.00568, 311]
[0.00807, 314]
[0.005, 317]
[0.01078, 320]
[0.00529, 324]
[0.00564, 327]
[0.00479, 330]
[0.00716, 333]
[0.00557, 337]
[0.00536, 340]
[0.00528, 344]
[0.00612, 347]
[0.0105, 350]
[0.00755, 354]
[0.00527, 358]
[0.00565, 361]
[0.00522, 365]
[0.00534, 368]
[0.005, 372]
[0.00495, 376]
[0.00518, 380]
[0.00609, 383]
[0.00567, 387]
[0.00501, 391]
[0.00472, 395]
[0.00512, 399]
[0.00543, 403]
[0.00519, 407]
[0.00979, 411]
[0.00542, 415]
[0.00525, 419]
[0.00524, 424]
[0.00543, 428]
[0.00526, 432]
[0.00722, 436]
[0.00479, 441]
[0.00531, 445]
[0.00539, 450]
[0.0079, 454]
[0.00744, 459]
[0.00556, 463]
[0.00581, 468]
[0.0051, 473]
[0.00562, 477]
[0.00528, 482]
[0.00542, 487]
[0.01223, 492]
[0.00521, 497]
[0.00548, 502]
[0.00539, 507]
[0.00499, 512]
[0.00494, 517]
[0.00526, 522]
[0.00506, 527]
[0.00537, 533]
[0.0051, 538]
[0.00529, 543]
[0.00475, 549]
[0.00635, 554]
[0.00532, 560]
[0.00701, 565]
[0.00589, 571]
[0.00576, 577]
[0.00506, 583]
[0.0052, 588]
[0.00691, 594]
[0.00473, 600]
[0.01144, 606]
[0.00518, 612]
[0.00556, 618]
[0.00503, 625]
[0.00554, 631]
[0.00566, 637]
[0.00481, 644]
[0.00519, 650]
[0.00614, 656]
[0.00529, 663]
[0.00534, 670]
[0.00492, 676]
[0.00873, 683]
[0.00505, 690]
[0.00506, 697]
[0.00544, 704]
[0.00542, 711]
[0.00557, 718]
[0.00627, 725]
[0.00533, 732]
[0.00578, 740]
[0.00536, 747]
[0.00501, 755]
[0.00472, 762]
[0.00458, 770]
[0.00548, 778]
[0.00557, 785]
[0.00494, 793]
[0.00467, 801]
[0.00491, 809]
[0.00531, 817]
[0.00804, 825]
[0.0054, 834]
[0.00521, 842]
[0.00496, 850]
[0.01274, 859]
[0.00523, 868]
[0.00487, 876]
[0.00598, 885]
[0.00592, 894]
[0.00482, 903]
[0.00509, 912]
[0.00491, 921]
[0.00535, 930]
[0.00576, 939]
[0.00569, 949]
[0.00521, 958]
[0.00529, 968]
[0.00591, 978]
[0.00925, 987]
[0.00518, 997]
[0.00533, 1007]
[0.0055, 1017]
[0.00465, 1028]
[0.00642, 1038]
[0.01287, 1048]
[0.01303, 1059]
[0.01336, 1069]
[0.00535, 1080]
[0.00609, 1091]
[0.00462, 1102]
[0.0061, 1113]
[0.00519, 1124]
[0.00545, 1135]
[0.00555, 1146]
[0.00528, 1158]
[0.00515, 1169]
[0.00564, 1181]
[0.00907, 1193]
[0.0053, 1205]
[0.00834, 1217]
[0.00628, 1229]
[0.00552, 1241]
[0.00524, 1254]
[0.00563, 1266]
[0.00551, 1279]
[0.00601, 1292]
[0.00494, 1305]
[0.00551, 1318]
[0.00566, 1331]
[0.00535, 1344]
[0.00896, 1358]
[0.00571, 1371]
[0.00504, 1385]
[0.00488, 1399]
[0.0063, 1413]
[0.00615, 1427]
[0.00542, 1441]
[0.0048, 1456]
[0.00525, 1470]
[0.00488, 1485]
[0.00477, 1500]
[0.00552, 1515]
[0.00465, 1530]
[0.00473, 1545]
[0.01385, 1561]
[0.00502, 1576]
[0.00509, 1592]
[0.00479, 1608]
[0.00533, 1624]
[0.00513, 1640]
[0.0051, 1657]
[0.00505, 1673]
[0.00544, 1690]
[0.00602, 1707]
[0.00571, 1724]
[0.00531, 1741]
[0.00533, 1759]
[0.00489, 1776]
[0.00511, 1794]
[0.00499, 1812]
[0.00536, 1830]
[0.00738, 1849]
[0.00649, 1867]
[0.00773, 1886]
[0.00699, 1905]
[0.00528, 1924]
[0.00559, 1943]
[0.00609, 1962]
[0.00587, 1982]
[0.00627, 2002]
[0.00551, 2022]
[0.00779, 2042]
[0.00589, 2062]
[0.00902, 2083]
[0.0056, 2104]
[0.00499, 2125]
[0.00557, 2146]
[0.00861, 2168]
[0.00581, 2189]
[0.00817, 2211]
[0.00593, 2233]
[0.00563, 2256]
[0.00834, 2278]
[0.00546, 2301]
[0.0053, 2324]
[0.00713, 2347]
[0.00889, 2371]
[0.00561, 2395]
[0.0053, 2418]
[0.00514, 2443]
[0.00577, 2467]
[0.00487, 2492]
[0.00494, 2517]
[0.00497, 2542]
[0.00552, 2567]
[0.00606, 2593]
[0.00792, 2619]
[0.00534, 2645]
[0.00497, 2672]
[0.00511, 2698]
[0.00545, 2725]
[0.00642, 2753]
[0.00842, 2780]
[0.00572, 2808]
[0.00675, 2836]
[0.00586, 2864]
[0.00539, 2893]
[0.0049, 2922]
[0.00622, 2951]
[0.00547, 2981]
[0.00465, 3010]
[0.00642, 3041]
[0.00492, 3071]
[0.00534, 3102]
[0.00538, 3133]
[0.00545, 3164]
[0.00524, 3196]
[0.00589, 3228]
[0.00606, 3260]
[0.0112, 3293]
[0.00581, 3325]
[0.00818, 3359]
[0.0053, 3392]
[0.00487, 3426]
[0.00704, 3461]
[0.00553, 3495]
[0.00577, 3530]
[0.00537, 3565]
[0.00501, 3601]
[0.00675, 3637]
[0.00741, 3673]
[0.00537, 3710]
[0.00877, 3747]
[0.00849, 3785]
[0.01183, 3823]
[0.00532, 3861]
[0.00806, 3899]
[0.00522, 3938]
[0.00548, 3978]
[0.00534, 4018]
[0.00576, 4058]
[0.00506, 4098]
[0.00995, 4139]
[0.00588, 4181]
[0.01016, 4223]
[0.00525, 4265]
[0.0065, 4307]
[0.006, 4351]
[0.00559, 4394]
[0.00559, 4438]
[0.00497, 4482]
[0.00599, 4527]
[0.00552, 4573]
[0.00783, 4618]
[0.00844, 4664]
[0.00565, 4711]
[0.00527, 4758]
[0.00493, 4806]
[0.00562, 4854]
[0.00728, 4902]
[0.0064, 4951]
[0.0052, 5001]
[0.00634, 5051]
[0.00702, 5101]
[0.00535, 5152]
[0.00535, 5204]
[0.00563, 5256]
[0.01054, 5309]
[0.00476, 5362]
[0.00616, 5415]
[0.00825, 5470]
[0.00575, 5524]
[0.00517, 5579]
[0.00584, 5635]
[0.00539, 5692]
[0.01228, 5749]
[0.00584, 5806]
[0.00557, 5864]
[0.00651, 5923]
[0.00555, 5982]
[0.00539, 6042]
[0.00681, 6102]
[0.01294, 6163]
[0.00792, 6225]
[0.00665, 6287]
[0.01188, 6350]
[0.00492, 6414]
[0.00566, 6478]
[0.0057, 6542]
[0.00734, 6608]
[0.00518, 6674]
[0.00557, 6741]
[0.00563, 6808]
[0.00568, 6876]
[0.00476, 6945]
[0.00522, 7014]
[0.00553, 7085]
[0.0058, 7155]
[0.00583, 7227]
[0.0052, 7299]
[0.00572, 7372]
[0.00561, 7446]
[0.00597, 7520]
[0.01038, 7596]
[0.00748, 7672]
[0.0052, 7748]
[0.0049, 7826]
[0.00504, 7904]
[0.00569, 7983]
[0.00638, 8063]
[0.01575, 8144]
[0.00547, 8225]
[0.00532, 8307]
[0.00506, 8390]
[0.00507, 8474]
[0.00475, 8559]
[0.0053, 8645]
[0.00734, 8731]
[0.00544, 8818]
[0.00561, 8907]
[0.00673, 8996]
[0.00522, 9086]
[0.00582, 9176]
[0.00612, 9268]
[0.00565, 9361]
[0.00628, 9455]
[0.0055, 9549]
[0.00634, 9645]
[0.00557, 9741]
[0.00868, 9838]
[0.00575, 9937]
[0.01284, 10036]
[0.00565, 10137]
[0.00589, 10238]
[0.00592, 10340]
[0.00562, 10444]
[0.00545, 10548]
[0.00568, 10654]
[0.00517, 10760]
[0.00558, 10868]
[0.00579, 10977]
[0.00601, 11086]
[0.00692, 11197]
[0.00606, 11309]
[0.00624, 11422]
[0.00593, 11536]
[0.00499, 11652]
[0.00725, 11768]
[0.00555, 11886]
[0.00886, 12005]
[0.00557, 12125]
[0.00498, 12246]
[0.00586, 12369]
[0.00566, 12492]
[0.00565, 12617]
[0.00569, 12743]
[0.00526, 12871]
[0.00577, 13000]
[0.00488, 13130]
[0.00515, 13261]
[0.00507, 13394]
[0.00549, 13527]
[0.00836, 13663]
[0.00781, 13799]
[0.00678, 13937]
[0.00532, 14077]
[0.00821, 14218]
[0.00509, 14360]
[0.00913, 14503]
[0.00532, 14648]
[0.00521, 14795]
[0.00543, 14943]
[0.00564, 15092]
[0.00589, 15243]
[0.00616, 15396]
[0.00624, 15550]
[0.00591, 15705]
[0.00512, 15862]
[0.00518, 16021]
[0.00927, 16181]
[0.00576, 16343]
[0.00613, 16506]
[0.00555, 16671]
[0.0051, 16838]
[0.00511, 17006]
[0.00887, 17176]
[0.00554, 17348]
[0.01446, 17522]
[0.00621, 17697]
[0.00567, 17874]
[0.00836, 18053]
[0.00658, 18233]
[0.0054, 18416]
[0.00615, 18600]
[0.0072, 18786]
[0.00564, 18974]
[0.00706, 19163]
[0.00504, 19355]
[0.00593, 19548]
[0.00643, 19744]
[0.00624, 19941]
[0.00571, 20141]
[0.00573, 20342]
[0.00507, 20546]
[0.00563, 20751]
[0.00971, 20959]
[0.00844, 21168]
[0.00509, 21380]
[0.0059, 21594]
[0.00571, 21810]
[0.00534, 22028]
[0.00608, 22248]
[0.01182, 22471]
[0.00538, 22695]
[0.00515, 22922]
[0.00501, 23151]
[0.00571, 23383]
[0.00552, 23617]
[0.00544, 23853]
[0.0135, 24092]
[0.00758, 24332]
[0.00761, 24576]
[0.00614, 24822]
[0.00634, 25070]
[0.00574, 25320]
[0.0078, 25574]
[0.00538, 25829]
[0.00674, 26088]
[0.00556, 26349]
[0.00517, 26612]
[0.00575, 26878]
[0.00555, 27147]
[0.00496, 27418]
[0.00499, 27693]
[0.00522, 27970]
[0.0056, 28249]
[0.00544, 28532]
[0.00692, 28817]
[0.00574, 29105]
[0.0056, 29396]
[0.00556, 29690]
[0.00697, 29987]
[0.00552, 30287]
[0.01036, 30590]
[0.005, 30896]
[0.00547, 31205]
[0.00696, 31517]
[0.00553, 31832]
[0.00778, 32150]
[0.00541, 32472]
[0.00648, 32797]
[0.00575, 33125]
[0.00593, 33456]
[0.00533, 33790]
[0.00866, 34128]
[0.01146, 34470]
[0.00673, 34814]
[0.0107, 35162]
[0.00604, 35514]
[0.00748, 35869]
[0.00603, 36228]
[0.00608, 36590]
[0.00584, 36956]
[0.00596, 37326]
[0.00743, 37699]
[0.00575, 38076]
[0.00564, 38457]
[0.00579, 38841]
[0.00569, 39230]
[0.00551, 39622]
[0.00569, 40018]
[0.00615, 40418]
[0.01002, 40823]
[0.00819, 41231]
[0.01018, 41643]
[0.00571, 42060]
[0.0087, 42480]
[0.00697, 42905]
[0.00567, 43334]
[0.00924, 43767]
[0.00638, 44205]
[0.00739, 44647]
[0.00573, 45094]
[0.00499, 45545]
[0.00568, 46000]
[0.00581, 46460]
[0.00593, 46925]
[0.00622, 47394]
[0.00913, 47868]
[0.00659, 48346]
[0.0061, 48830]
[0.00593, 49318]
[0.00793, 49811]
[0.00779, 50310]
[0.00661, 50813]
[0.00565, 51321]
[0.00582, 51834]
[0.00649, 52352]
[0.00611, 52876]
[0.01902, 53405]
[0.00841, 53939]
[0.00584, 54478]
[0.00609, 55023]
[0.00596, 55573]
[0.01801, 56129]
[0.0059, 56690]
[0.00628, 57257]
[0.0057, 57830]
[0.00597, 58408]
[0.00612, 58992]
[0.00594, 59582]
[0.0061, 60178]
[0.00543, 60780]
[0.00555, 61387]
[0.01527, 62001]
[0.00642, 62621]
[0.00831, 63247]
[0.00575, 63880]
[0.00552, 64519]
[0.00572, 65164]
[0.00628, 65816]
[0.00573, 66474]
[0.00567, 67138]
[0.00579, 67810]
[0.00604, 68488]
[0.00625, 69173]
[0.0058, 69865]
[0.00608, 70563]
[0.00623, 71269]
[0.00712, 71982]
[0.00908, 72701]
[0.00697, 73428]
[0.00638, 74163]
[0.00588, 74904]
[0.00816, 75653]
[0.00648, 76410]
[0.00615, 77174]
[0.00685, 77946]
[0.00652, 78725]
[0.00658, 79512]
[0.00553, 80308]
[0.00622, 81111]
[0.00598, 81922]
[0.0062, 82741]
[0.00668, 83568]
[0.00657, 84404]
[0.00608, 85248]
[0.00614, 86101]
[0.00699, 86962]
[0.00645, 87831]
[0.00621, 88710]
[0.00978, 89597]
[0.00588, 90493]
[0.00585, 91398]
[0.00592, 92312]
[0.00697, 93235]
[0.01044, 94167]
[0.00707, 95109]
[0.00588, 96060]
[0.00751, 97020]
[0.00548, 97991]
[0.00541, 98971]
[0.00572, 99960]
[0.00642, 100960]
[0.00593, 101969]
[0.00582, 102989]
[0.00626, 104019]
[0.00619, 105059]
[0.00615, 106110]
[0.0084, 107171]
[0.00578, 108243]
[0.00587, 109325]
[0.00624, 110418]
[0.00613, 111523]
[0.00686, 112638]
[0.01128, 113764]
[0.00587, 114902]
[0.0057, 116051]
[0.00578, 117211]
[0.0061, 118383]
[0.00655, 119567]
[0.0082, 120763]
[0.00641, 121971]
[0.00611, 123190]
[0.00676, 124422]
[0.00545, 125666]
[0.00832, 126923]
[0.00613, 128192]
[0.00675, 129474]
[0.0073, 130769]
[0.00795, 132077]
[0.00621, 133397]
[0.00774, 134731]
[0.00538, 136079]
[0.00809, 137440]
[0.0061, 138814]
[0.00641, 140202]
[0.00587, 141604]
[0.00648, 143020]
[0.00628, 144450]
[0.00572, 145895]
[0.00578, 147354]
[0.00586, 148827]
[0.0066, 150316]
[0.00696, 151819]
[0.00831, 153337]
[0.00648, 154870]
[0.00797, 156419]
[0.00669, 157983]
[0.00931, 159563]
[0.00818, 161159]
[0.00987, 162770]
[0.01039, 164398]
[0.00614, 166042]
[0.00715, 167703]
[0.00681, 169380]
[0.00589, 171073]
[0.00629, 172784]
[0.0061, 174512]
[0.00555, 176257]
[0.00565, 178020]
[0.00704, 179800]
[0.0057, 181598]
[0.00592, 183414]
[0.00614, 185248]
[0.00638, 187100]
[0.00649, 188971]
[0.00646, 190861]
[0.00878, 192770]
[0.00969, 194698]
[0.00554, 196644]
[0.0082, 198611]
[0.00802, 200597]
[0.0064, 202603]
[0.00686, 204629]
[0.00636, 206675]
[0.0064, 208742]
[0.00629, 210830]
[0.0066, 212938]
[0.00624, 215067]
[0.00587, 217218]
[0.00562, 219390]
[0.00575, 221584]
[0.0096, 223800]
[0.00605, 226038]
[0.00591, 228298]
[0.0055, 230581]
[0.00584, 232887]
[0.00565, 235216]
[0.00567, 237568]
[0.00611, 239944]
[0.00757, 242343]
[0.00677, 244767]
[0.00665, 247214]
[0.00568, 249686]
[0.00739, 252183]
[0.00653, 254705]
[0.01299, 257252]
[0.00635, 259825]
[0.00592, 262423]
[0.00604, 265047]
[0.0073, 267698]
[0.00635, 270375]
[0.00913, 273078]
[0.0062, 275809]
[0.00624, 278567]
[0.01182, 281353]
[0.01243, 284167]
[0.00707, 287008]
[0.00643, 289878]
[0.00767, 292777]
[0.00635, 295705]
[0.00641, 298662]
[0.00822, 301649]
[0.00649, 304665]
[0.01078, 307712]
[0.00921, 310789]
[0.00755, 313897]
[0.00601, 317036]
[0.00606, 320206]
[0.00723, 323408]
[0.00647, 326642]
[0.00636, 329909]
[0.00648, 333208]
[0.01115, 336540]
[0.00605, 339905]
[0.00649, 343304]
[0.00672, 346737]
[0.00648, 350205]
[0.00796, 353707]
[0.00657, 357244]
[0.00654, 360816]
[0.00684, 364424]
[0.0068, 368069]
[0.00641, 371749]
[0.00957, 375467]
[0.0061, 379222]
[0.00684, 383014]
[0.00936, 386844]
[0.00718, 390712]
[0.01004, 394619]
[0.01058, 398566]
[0.00765, 402551]
[0.00802, 406577]
[0.00668, 410643]
[0.00704, 414749]
[0.00586, 418897]
[0.00614, 423086]
[0.00977, 427316]
[0.00621, 431590]
[0.00586, 435905]
[0.00623, 440264]
[0.00645, 444667]
[0.0065, 449114]
[0.00649, 453605]
[0.00762, 458141]
[0.00821, 462722]
[0.00606, 467350]
[0.00663, 472023]
[0.00818, 476743]
[0.00659, 481511]
[0.00763, 486326]
[0.0126, 491189]
[0.01197, 496101]
[0.00635, 501062]
[0.00689, 506073]
[0.00686, 511133]
[0.00539, 516245]
[0.00638, 521407]
[0.00635, 526621]
[0.00582, 531888]
[0.00689, 537206]
[0.00835, 542579]
[0.00583, 548004]
[0.00563, 553484]
[0.00657, 559019]
[0.00593, 564609]
[0.00599, 570256]
[0.00659, 575958]
[0.01039, 581718]
[0.00593, 587535]
[0.00604, 593410]
[0.00666, 599344]
[0.00635, 605338]
[0.00622, 611391]
[0.00602, 617505]
[0.0066, 623680]
[0.00644, 629917]
[0.0057, 636216]
[0.00585, 642578]
[0.00599, 649004]
[0.0066, 655494]
[0.00641, 662049]
[0.00656, 668670]
[0.00642, 675356]
[0.01027, 682110]
[0.0057, 688931]
[0.00691, 695820]
[0.00625, 702778]
[0.00668, 709806]
[0.00651, 716904]
[0.00655, 724073]
[0.00632, 731314]
[0.00603, 738627]
[0.00651, 746013]
[0.00619, 753474]
[0.00693, 761008]
[0.00627, 768618]
[0.00607, 776305]
[0.00999, 784068]
[0.00641, 791908]
[0.00699, 799827]
[0.00703, 807826]
[0.00638, 815904]
[0.01139, 824063]
[0.00636, 832304]
[0.00867, 840627]
[0.01321, 849033]
[0.02297, 857523]
[0.00679, 866099]
[0.00745, 874760]
[0.00738, 883507]
[0.00705, 892342]
[0.0071, 901266]
[0.00714, 910278]
[0.0099, 919381]
[0.0063, 928575]
[0.00627, 937861]
[0.00856, 947239]
[0.00976, 956712]
[0.0069, 966279]
[0.00714, 975942]
[0.00674, 985701]
[0.00667, 995558]
[0.01866, 1005514]
[0.0068, 1015569]
[0.00692, 1025724]
[0.00986, 1035982]
[0.00804, 1046342]
[0.00682, 1056805]
[0.00983, 1067373]
[0.00731, 1078047]
[0.01217, 1088827]
[0.00717, 1099716]
[0.01249, 1110713]
[0.00606, 1121820]
[0.00614, 1133038]
[0.00719, 1144368]
[0.01022, 1155812]
[0.01297, 1167370]
[0.00642, 1179044]
[0.00968, 1190834]
[0.01122, 1202743]
[0.00718, 1214770]
[0.0065, 1226918]
[0.00864, 1239187]
[0.00967, 1251579]
[0.00722, 1264095]
[0.00985, 1276736]
[0.01159, 1289503]
[0.0064, 1302398]
[0.01022, 1315422]
[0.00659, 1328576]
[0.00629, 1341862]
[0.00885, 1355281]
[0.00635, 1368833]
[0.00639, 1382522]
[0.00587, 1396347]
[0.00835, 1410310]
[0.00752, 1424414]
[0.00663, 1438658]
[0.00748, 1453044]
[0.01039, 1467575]
[0.0186, 1482251]
[0.00838, 1497073]
[0.03117, 1512044]
[0.0097, 1527164]
[0.00581, 1542436]
[0.00645, 1557860]
[0.0062, 1573439]
[0.00592, 1589173]
[0.00736, 1605065]
[0.00625, 1621116]
[0.00665, 1637327]
[0.00694, 1653700]
[0.00754, 1670237]
[0.0086, 1686939]
[0.00883, 1703809]
[0.01475, 1720847]
[0.00685, 1738055]
[0.00866, 1755436]
[0.00712, 1772990]
[0.00673, 1790720]
[0.00825, 1808627]
[0.00711, 1826714]
[0.01035, 1844981]
[0.00687, 1863431]
[0.00615, 1882065]
[0.00673, 1900886]
[0.0068, 1919895]
[0.00923, 1939093]
[0.00754, 1958484]
[0.00605, 1978069]
[0.00701, 1997850]
[0.00722, 2017828]
[0.00656, 2038007]
[0.00684, 2058387]
[0.00829, 2078971]
[0.00852, 2099760]
[0.01422, 2120758]
[0.00587, 2141966]
[0.00676, 2163385]
[0.00618, 2185019]
[0.00646, 2206869]
[0.00662, 2228938]
[0.00883, 2251227]
[0.0068, 2273740]
[0.00846, 2296477]
[0.00762, 2319442]
[0.01046, 2342636]
[0.00638, 2366063]
[0.00707, 2389723]
[0.0066, 2413621]
[0.00663, 2437757]
[0.00699, 2462134]
[0.00698, 2486756]
[0.00704, 2511623]
[0.03488, 2536739]
[0.00698, 2562107]
[0.00723, 2587728]
[0.00854, 2613605]
[0.00714, 2639741]
[0.01273, 2666139]
[0.00813, 2692800]
[0.00666, 2719728]
[0.00669, 2746925]
[0.00912, 2774395]
[0.00684, 2802139]
[0.00696, 2830160]
[0.00888, 2858462]
[0.00917, 2887046]
[0.00614, 2915917]
[0.00674, 2945076]
[0.00712, 2974527]
[0.00702, 3004272]
[0.00824, 3034315]
[0.00713, 3064658]
[0.00834, 3095304]
[0.00745, 3126257]
[0.00601, 3157520]
[0.00686, 3189095]
[0.0069, 3220986]
[0.00713, 3253196]
[0.01009, 3285728]
[0.00659, 3318585]
[0.00702, 3351771]
[0.00611, 3385289]
[0.0066, 3419142]
[0.01118, 3453333]
[0.00742, 3487866]
[0.01142, 3522745]
[0.00665, 3557973]
[0.00796, 3593552]
[0.00913, 3629488]
[0.01016, 3665783]
[0.00691, 3702441]
[0.00701, 3739465]
[0.00701, 3776860]
[0.00711, 3814628]
[0.00798, 3852774]
[0.01212, 3891302]
[0.00624, 3930215]
[0.0068, 3969517]
[0.01187, 4009213]
[0.00622, 4049305]
[0.00722, 4089798]
[0.00669, 4130696]
[0.00744, 4172003]
[0.00704, 4213723]
[0.00676, 4255860]
[0.00866, 4298419]
[0.00747, 4341403]
[0.00614, 4384817]
[0.00743, 4428665]
[0.00658, 4472952]
[0.00691, 4517681]
[0.01384, 4562858]
[0.00617, 4608487]
[0.00729, 4654571]
[0.00791, 4701117]
[0.01272, 4748128]
[0.00632, 4795610]
[0.00601, 4843566]
[0.00885, 4892001]
[0.01317, 4940921]
[0.00595, 4990331]
[0.01302, 5040234]
[0.00598, 5090636]
[0.01245, 5141543]
[0.00688, 5192958]
[0.00666, 5244888]
[0.00727, 5297337]
[0.00704, 5350310]
[0.00642, 5403813]
[0.00693, 5457851]
[0.00595, 5512430]
[0.00903, 5567554]
[0.00667, 5623230]
[0.00746, 5679462]
[0.00639, 5736256]
[0.007, 5793619]
[0.00678, 5851555]
[0.00691, 5910071]
[0.00627, 5969171]
[0.00748, 6028863]
[0.00996, 6089152]
[0.0096, 6150043]
[0.00671, 6211544]
[0.00633, 6273659]
[0.00839, 6336396]
[0.00635, 6399760]
[0.00688, 6463757]
[0.00643, 6528395]
[0.00652, 6593679]
[0.00741, 6659616]
[0.00768, 6726212]
[0.00729, 6793474]
[0.00825, 6861409]
[0.0091, 6930023]
[0.00733, 6999323]
[0.00713, 7069316]
[0.0063, 7140009]
[0.00633, 7211410]
[0.00757, 7283524]
[0.0068, 7356359]
[0.0064, 7429923]
[0.00742, 7504222]
[0.00676, 7579264]
[0.00928, 7655057]
[0.00678, 7731607]
[0.00982, 7808923]
[0.02072, 7887013]
[0.00672, 7965883]
[0.00668, 8045541]
[0.00673, 8125997]
[0.00655, 8207257]
[0.00991, 8289329]
[0.01081, 8372223]
[0.01015, 8455945]
[0.01011, 8540504]
[0.00869, 8625909]
[0.01279, 8712169]
[0.00683, 8799290]
[0.00725, 8887283]
[0.00729, 8976156]
[0.0109, 9065918]
[0.00923, 9156577]
[0.00698, 9248143]
[0.00779, 9340624]
[0.00608, 9434030]
[0.00734, 9528371]
[0.00694, 9623654]
[0.00657, 9719891]
[0.01288, 9817090]
[0.00778, 9915261]
[0.01101, 10014413]
[0.00699, 10114557]
[0.00642, 10215703]
[0.00674, 10317860]
[0.01021, 10421039]
[0.00649, 10525249]
[0.00639, 10630501]
[0.00686, 10736806]
[0.00746, 10844175]
[0.00667, 10952616]
[0.00784, 11062142]
[0.00652, 11172764]
[0.00704, 11284492]
[0.00619, 11397336]
[0.0069, 11511310]
[0.00627, 11626423]
[0.00692, 11742687]
[0.00633, 11860114]
[0.00723, 11978715]
[0.00712, 12098502]
[0.0068, 12219487]
[0.00696, 12341682]
[0.00717, 12465099]
[0.00706, 12589750]
[0.00688, 12715648]
[0.00704, 12842804]
[0.00715, 12971232]
[0.00649, 13100944]
[0.01206, 13231954]
[0.00746, 13364273]
[0.00743, 13497916]
[0.01826, 13632895]
[0.00977, 13769224]
[0.00718, 13906917]
[0.00726, 14045986]
[0.0066, 14186446]
[0.00774, 14328310]
[0.00747, 14471593]
[0.00704, 14616309]
[0.01312, 14762472]
[0.01022, 14910097]
[0.00687, 15059198]
[0.00677, 15209790]
[0.00621, 15361888]
[0.00618, 15515507]
[0.00743, 15670662]
[0.00893, 15827368]
[0.00609, 15985642]
[0.00733, 16145498]
[0.00707, 16306953]
[0.00664, 16470023]
[0.0075, 16634723]
[0.00695, 16801070]
[0.00705, 16969081]
[0.00718, 17138772]
[0.00908, 17310160]
[0.00616, 17483261]
[0.0076, 17658094]
[0.00649, 17834675]
[0.007, 18013022]
[0.00646, 18193152]
[0.00952, 18375083]
[0.00604, 18558834]
[0.00891, 18744422]
[0.00653, 18931867]
[0.00708, 19121185]
[0.00698, 19312397]
[0.00618, 19505521]
[0.00717, 19700576]
[0.00753, 19897582]
[0.00942, 20096558]
[0.0067, 20297524]
[0.00626, 20500499]
[0.00893, 20705504]
[0.00702, 20912559]
[0.00867, 21121685]
[0.00836, 21332901]
[0.00685, 21546230]
[0.00646, 21761693]
[0.00952, 21979310]
[0.00667, 22199103]
[0.00705, 22421094]
[0.00624, 22645305]
[0.00985, 22871758]
[0.00655, 23100475]
[0.00621, 23331480]
[0.0076, 23564795]
[0.00593, 23800443]
[0.0072, 24038447]
[0.00813, 24278832]
[0.00636, 24521620]
[0.00696, 24766836]
[0.00674, 25014505]
[0.00981, 25264650]
[0.00786, 25517296]
[0.01289, 25772469]
[0.01261, 26030194]
[0.00766, 26290496]
[0.00677, 26553401]
[0.01603, 26818935]
[0.0087, 27087124]
[0.00783, 27357995]
[0.0066, 27631575]
[0.00666, 27907891]
[0.00597, 28186970]
[0.00986, 28468840]
[0.00771, 28753528]
[0.00599, 29041063]
[0.00635, 29331474]
[0.00635, 29624789]
[0.00622, 29921037]
[0.00615, 30220247]
[0.00625, 30522450]
[0.00588, 30827674]
[0.00641, 31135951]
[0.0063, 31447310]
[0.00696, 31761783]
[0.0128, 32079401]
[0.01009, 32400195]
[0.00667, 32724197]
[0.01151, 33051439]
[0.00648, 33381954]
[0.00612, 33715773]
[0.00662, 34052931]
[0.00718, 34393460]
[0.00621, 34737395]
[0.00779, 35084769]
[0.00765, 35435616]
[0.00743, 35789973]
[0.00909, 36147872]
[0.00607, 36509351]
[0.01026, 36874445]
[0.01418, 37243189]
[0.01397, 37615621]
[0.01778, 37991777]
[0.00864, 38371695]
[0.00736, 38755412]
[0.02008, 39142966]
[0.0064, 39534396]
[0.00652, 39929740]
[0.00738, 40329037]
[0.0075, 40732327]
[0.00667, 41139651]
[0.00688, 41551047]
[0.0064, 41966558]
[0.00942, 42386223]
[0.01681, 42810085]
[0.00775, 43238186]
[0.00709, 43670568]
[0.00689, 44107274]
[0.00729, 44548347]
[0.00732, 44993830]
[0.01139, 45443768]
[0.00748, 45898206]
[0.00805, 46357188]
[0.00736, 46820760]
[0.00671, 47288968]
[0.00894, 47761857]
[0.00638, 48239476]
[0.00774, 48721871]
[0.01248, 49209089]
[0.00653, 49701180]
[0.00722, 50198192]
[0.00606, 50700174]
[0.00651, 51207176]
[0.00739, 51719248]
[0.00647, 52236440]
[0.00742, 52758804]
[0.00639, 53286392]
[0.00612, 53819256]
[0.00784, 54357449]
[0.00679, 54901023]
[0.00577, 55450034]
[0.0069, 56004534]
[0.01284, 56564579]
[0.00588, 57130225]
[0.00945, 57701527]
[0.00742, 58278543]
[0.00689, 58861328]
[0.01028, 59449941]
[0.00738, 60044441]
[0.00717, 60644885]
[0.00741, 61251334]
[0.00784, 61863847]
[0.00651, 62482486]
[0.00744, 63107311]
[0.00625, 63738384]
[0.01028, 64375768]
[0.0069, 65019525]
[0.00704, 65669721]
[0.00622, 66326418]
[0.0067, 66989682]
[0.00701, 67659579]
[0.00736, 68336175]
[0.00699, 69019537]
[0.00682, 69709732]
[0.00678, 70406829]
[0.00782, 71110898]
[0.00977, 71822006]
[0.00711, 72540227]
[0.00745, 73265629]
[0.00697, 73998285]
[0.00942, 74738268]
[0.00729, 75485651]
[0.00678, 76240507]
[0.00711, 77002912]
[0.00837, 77772941]
[0.01688, 78550671]
[0.00735, 79336178]
[0.00787, 80129539]
[0.00709, 80930835]
[0.00661, 81740143]
[0.00745, 82557544]
[0.00874, 83383120]
[0.00688, 84216951]
[0.00705, 85059121]
[0.0071, 85909712]
[0.00749, 86768809]
[0.00691, 87636497]
[0.00709, 88512862]
[0.01268, 89397991]
[0.00634, 90291971]
[0.00698, 91194890]
[0.00641, 92106839]
[0.00674, 93027908]
[0.00693, 93958187]
[0.01197, 94897769]
[0.00612, 95846746]
[0.00712, 96805214]
[0.00643, 97773266]
[0.03738, 98750999]
[0.00805, 99738509]
[0.00671, 100735894]
[0.01219, 101743253]
[0.00732, 102760685]
[0.00698, 103788292]
[0.00708, 104826175]
[0.00617, 105874437]
[0.02469, 106933181]
[0.00717, 108002513]
[0.00705, 109082538]
[0.01299, 110173363]
[0.00787, 111275097]
[0.00731, 112387848]
[0.00741, 113511726]
[0.00731, 114646844]
[0.00646, 115793312]
[0.01047, 116951245]
[0.0074, 118120758]
[0.00754, 119301965]
[0.00592, 120494985]
[0.00617, 121699935]
[0.00725, 122916934]
[0.00714, 124146103]
[0.00666, 125387565]
[0.00654, 126641440]
[0.00767, 127907855]
[0.00648, 129186933]
[0.00754, 130478802]
[0.0269, 131783591]
[0.00699, 133101426]
[0.00714, 134432441]
[0.00807, 135776765]
[0.00774, 137134533]
[0.01212, 138505878]
[0.01195, 139890937]
[0.00824, 141289846]
[0.00704, 142702745]
[0.00806, 144129772]
[0.00646, 145571070]
[0.0062, 147026781]
[0.00662, 148497048]
[0.00849, 149982019]
[0.00707, 151481839]
[0.01437, 152996657]
[0.01084, 154526624]
[0.01948, 156071890]
[0.00615, 157632609]
[0.00654, 159208935]
[0.00697, 160801025]
[0.01044, 162409035]
[0.00671, 164033125]
[0.00778, 165673457]
[0.00756, 167330191]
[0.00694, 169003493]
[0.00728, 170693528]
[0.00782, 172400463]
[0.0067, 174124468]
[0.00733, 175865713]
[0.0068, 177624370]
[0.00915, 179400613]
[0.00726, 181194620]
[0.00697, 183006566]
[0.00683, 184836631]
[0.00639, 186684998]
[0.00691, 188551848]
[0.00671, 190437366]
[0.00669, 192341740]
[0.00688, 194265157]
[0.00707, 196207809]
[0.00671, 198169887]
[0.00666, 200151586]
[0.00708, 202153102]
[0.00802, 204174633]
[0.00789, 206216379]
[0.01258, 208278543]
[0.00699, 210361328]
[0.00717, 212464942]
[0.00713, 214589591]
[0.00712, 216735487]
[0.0081, 218902842]
[0.00727, 221091870]
[0.00646, 223302789]
[0.00659, 225535817]
[0.00662, 227791175]
[0.00774, 230069087]
[0.00715, 232369778]
[0.00873, 234693475]
[0.00693, 237040410]
[0.01456, 239410814]
[0.00624, 241804922]
[0.00712, 244222972]
[0.01056, 246665201]
[0.00795, 249131853]
[0.00788, 251623172]
[0.00653, 254139404]
[0.00693, 256680798]
[0.00727, 259247606]
[0.00699, 261840082]
[0.00725, 264458482]
[0.00768, 267103067]
[0.00653, 269774098]
[0.01589, 272471839]
[0.00663, 275196557]
[0.01567, 277948523]
[0.02341, 280728008]
[0.00665, 283535288]
[0.00796, 286370641]
[0.00771, 289234348]
[0.00685, 292126691]
[0.00641, 295047958]
[0.00731, 297998438]
[0.00724, 300978422]
[0.00801, 303988206]
[0.00729, 307028088]
[0.00771, 310098369]
[0.01577, 313199353]
[0.01602, 316331346]
[0.00909, 319494660]
[0.0076, 322689606]
[0.00784, 325916502]
[0.00761, 329175668]
[0.01555, 332467424]
[0.0064, 335792098]
[0.00695, 339150019]
[0.00629, 342541520]
[0.0062, 345966935]
[0.0067, 349426604]
[0.00678, 352920870]
[0.00638, 356450079]
[0.00632, 360014580]
[0.00644, 363614726]
[0.00606, 367250873]
[0.00788, 370923382]
[0.00881, 374632615]
[0.00723, 378378942]
[0.00968, 382162731]
[0.01035, 385984358]
[0.01182, 389844202]
[0.00702, 393742644]
[0.00759, 397680070]
[0.00769, 401656871]
[0.00756, 405673440]
[0.00676, 409730174]
[0.00689, 413827476]
[0.01381, 417965751]
[0.00921, 422145408]
[0.00703, 426366862]
[0.00684, 430630531]
[0.00679, 434936836]
[0.00781, 439286205]
[0.00698, 443679067]
[0.00819, 448115857]
[0.00886, 452597016]
[0.00728, 457122986]
[0.00847, 461694216]
[0.00673, 466311158]
[0.01278, 470974270]
[0.00737, 475684012]
[0.00719, 480440852]
[0.01549, 485245261]
[0.00777, 490097714]
[0.00743, 494998691]
[0.00881, 499948678]
[0.00701, 504948164]
[0.00861, 509997646]
[0.00782, 515097623]
[0.00693, 520248599]
[0.00782, 525451085]
[0.00745, 530705596]
[0.00963, 536012652]
[0.00712, 541372778]
[0.00846, 546786506]
[0.00847, 552254371]
[0.01152, 557776915]
[0.00802, 563354684]
[0.00827, 568988231]
[0.00778, 574678113]
[0.01081, 580424894]
[0.01313, 586229143]
[0.01103, 592091434]
[0.01051, 598012349]
[0.00813, 603992472]
[0.0082, 610032397]
[0.01148, 616132721]
[0.00776, 622294048]
[0.00787, 628516989]
[0.01697, 634802159]
[0.00771, 641150180]
[0.00704, 647561682]
[0.01229, 654037299]
[0.00806, 660577672]
[0.00793, 667183449]
[0.02018, 673855283]
[0.00773, 680593836]
[0.00718, 687399774]
[0.00766, 694273772]
[0.00716, 701216510]
[0.00774, 708228675]
[0.00727, 715310962]
[0.00695, 722464071]
[0.00757, 729688712]
[0.00699, 736985599]
[0.00822, 744355455]
[0.00729, 751799010]
[0.00768, 759317000]
[0.00719, 766910170]
[0.01909, 774579271]
[0.00667, 782325064]
[0.01142, 790148315]
[0.00773, 798049798]
[0.00655, 806030296]
[0.00651, 814090599]
[0.00625, 822231505]
[0.00754, 830453820]
[0.00741, 838758358]
[0.0075, 847145942]
[0.0068, 855617401]
[0.00672, 864173575]
[0.00682, 872815311]
[0.01108, 881543464]
[0.0084, 890358899]
[0.00816, 899262488]
[0.01656, 908255113]
[0.00669, 917337664]
[0.00888, 926511040]
[0.00768, 935776151]
[0.01309, 945133912]
[0.00765, 954585251]
[0.01247, 964131104]
[0.00808, 973772415]
[0.00753, 983510139]
[0.01009, 993345240]
[0.01193, 1003278693]
[0.01418, 1013311480]
[0.00726, 1023444595]
[0.00909, 1033679041]
[0.00861, 1044015831]
[0.00844, 1054455989]
[0.00749, 1065000549]
[0.01521, 1075650555]
[0.01487, 1086407060]
[0.02008, 1097271131]
[0.00951, 1108243842]
[0.02896, 1119326281]
[0.04556, 1130519543]
[0.02481, 1141824739]
[0.01758, 1153242986]
[0.03664, 1164775416]
[0.0121, 1176423170]
[0.01337, 1188187402]
[0.0288, 1200069276]
[0.00952, 1212069969]
[0.00911, 1224190668]
[0.01707, 1236432575]
[0.01069, 1248796901]
[0.02571, 1261284870]
[0.02062, 1273897719]
[0.01506, 1286636696]
[0.02911, 1299503063]
[0.02186, 1312498093]
[0.02386, 1325623074]
[0.01215, 1338879305]
[0.01479, 1352268098]
[0.01055, 1365790779]
[0.0119, 1379448687]
[0.01879, 1393243174]
[0.02331, 1407175606]
[0.01568, 1421247362]
[0.01629, 1435459835]
[0.02353, 1449814434]
[0.04151, 1464312578]
[0.03062, 1478955704]
[0.01553, 1493745261]
[0.00999, 1508682713]
[0.01077, 1523769541]
[0.01425, 1539007236]
[0.01604, 1554397308]
[0.03041, 1569941281]
[0.01995, 1585640694]
[0.01106, 1601497101]
[0.01144, 1617512072]
[0.00919, 1633687193]
[0.01591, 1650024065]
[0.02667, 1666524305]
[0.01487, 1683189549]
[0.01177, 1700021444]
[0.0098, 1717021658]
[0.0164, 1734191875]
[0.00947, 1751533794]
[0.0164, 1769049132]
[0.01585, 1786739623]
[0.00955, 1804607019]
[0.01023, 1822653090]
[0.01004, 1840879620]
[0.0127, 1859288417]
[0.01155, 1877881301]
[0.01546, 1896660114]
[0.01433, 1915626715]
[0.0106, 1934782982]
[0.02139, 1954130812]
[0.02505, 1973672120]
[0.00966, 1993408841]
[0.01078, 2013342930]
[0.01785, 2033476359]
[0.01692, 2053811123]
[0.02447, 2074349234]
[0.01729, 2095092726]
[0.01093, 2116043653]
[0.0172, 2137204090]
[0.02834, 2158576131]
[0.02277, 2180161892]
[0.02235, 2201963511]
[0.03745, 2223983146]
[0.01372, 2246222978]
[0.02745, 2268685207]
[0.0205, 2291372060]
[0.01312, 2314285780]
[0.01515, 2337428638]
[0.0127, 2360802924]
[0.01244, 2384410954]
[0.01226, 2408255063]
[0.02874, 2432337614]
[0.02307, 2456660990]
[0.02241, 2481227600]
[0.02556, 2506039876]
[0.02174, 2531100275]
[0.01435, 2556411277]
[0.01869, 2581975390]
[0.01377, 2607795144]
[0.02458, 2633873095]
[0.0162, 2660211826]
[0.01687, 2686813945]
[0.02522, 2713682084]
[0.01058, 2740818905]
[0.01575, 2768227094]
[0.0112, 2795909365]
[0.02544, 2823868459]
[0.01036, 2852107143]
[0.01132, 2880628215]
[0.0121, 2909434497]
[0.01144, 2938528842]
[0.0156, 2967914130]
[0.01031, 2997593272]
[0.01136, 3027569204]
[0.01919, 3057844896]
[0.0192, 3088423345]
[0.01535, 3119307579]
[0.0205, 3150500655]
[0.01884, 3182005661]
[0.0191, 3213825718]
[0.01387, 3245963975]
[0.01652, 3278423615]
[0.01831, 3311207851]
[0.02181, 3344319929]
[0.01659, 3377763129]
[0.01292, 3411540760]
[0.03067, 3445656168]
[0.01687, 3480112729]
[0.01574, 3514913856]
[0.0104, 3550062995]
[0.01071, 3585563625]
[0.0157, 3621419261]
[0.01016, 3657633454]
[0.01774, 3694209788]
[0.01181, 3731151886]
[0.01303, 3768463405]
[0.0231, 3806148039]
[0.01444, 3844209520]
[0.01803, 3882651615]
[0.01811, 3921478131]
[0.02001, 3960692912]
[0.03577, 4000299841]
[0.012, 4040302840]
[0.00936, 4080705868]
[0.01016, 4121512927]
[0.01019, 4162728056]
[0.01243, 4204355337]
[0.01225, 4246398890]
[0.01681, 4288862879]
[0.01493, 4331751508]
[0.01521, 4375069023]
[0.01562, 4418819713]
[0.01097, 4463007910]
[0.01071, 4507637989]
[0.01503, 4552714369]
[0.00943, 4598241513]
[0.01492, 4644223928]
[0.01635, 4690666167]
[0.01644, 4737572829]
[0.0125, 4784948557]
[0.01597, 4832798043]
[0.02801, 4881126023]
[0.01229, 4929937284]
[0.01227, 4979236657]
[0.03645, 5029029023]
[0.01669, 5079319313]
[0.01018, 5130112506]
[0.01638, 5181413632]
[0.01099, 5233227768]
[0.01729, 5285560046]
[0.01077, 5338415646]
[0.01049, 5391799802]
[0.01094, 5445717800]
[0.01081, 5500174978]
[0.01839, 5555176728]
[0.0106, 5610728496]
[0.03393, 5666835781]
[0.015, 5723504138]
[0.01025, 5780739180]
[0.01577, 5838546572]
[0.01597, 5896932037]
[0.03037, 5955901358]
[0.01029, 6015460371]
[0.01596, 6075614975]
[0.0116, 6136371125]
[0.01834, 6197734836]
[0.00991, 6259712184]
[0.01083, 6322309306]
[0.0133, 6385532399]
[0.0248, 6449387723]
[0.01903, 6513881600]
[0.02065, 6579020416]
[0.01293, 6644810621]
[0.02425, 6711258727]
[0.02103, 6778371314]
[0.01063, 6846155027]
[0.01511, 6914616578]
[0.01493, 6983762743]
[0.01903, 7053600371]
[0.01626, 7124136374]
[0.01076, 7195377738]
[0.01884, 7267331516]
[0.01959, 7340004831]
[0.01862, 7413404879]
[0.01696, 7487538928]
[0.01283, 7562414317]
[0.01069, 7638038460]
[0.02368, 7714418845]
[0.01978, 7791563033]
[0.01214, 7869478664]
[0.01481, 7948173450]
[0.02245, 8027655185]
[0.01612, 8107931737]
[0.01069, 8189011054]
[0.01138, 8270901165]
[0.01659, 8353610176]
[0.01078, 8437146278]
[0.01334, 8521517741]
[0.02056, 8606732918]
[0.01737, 8692800247]
[0.01157, 8779728250]
[0.03317, 8867525532]
[0.01873, 8956200788]
[0.01074, 9045762796]
[0.03564, 9136220424]
[0.01198, 9227582628]
[0.01483, 9319858454]
[0.01193, 9413057039]
[0.01584, 9507187609]
[0.01593, 9602259485]
[0.01208, 9698282080]
[0.0154, 9795264901]
[0.02347, 9893217550]
[0.01537, 9992149725]
[0.01107, 10092071223]
[0.02224, 10192991935]
[0.01021, 10294921854]
[0.01167, 10397871073]
[0.01778, 10501849783]
[0.02107, 10606868281]
[0.0174, 10712936964]
[0.0122, 10820066334]
[0.01051, 10928266997]
[0.03287, 11037549667]
[0.01128, 11147925164]
[0.01196, 11259404415]
[0.01072, 11371998460]
[0.01521, 11485718444]
[0.01848, 11600575629]
[0.01199, 11716581385]
[0.01189, 11833747199]
[0.01162, 11952084671]
[0.01247, 12071605517]
[0.01991, 12192321573]
[0.01272, 12314244788]
[0.01045, 12437387236]
[0.01637, 12561761109]
[0.0113, 12687378720]
[0.0182, 12814252507]
[0.01173, 12942395032]
[0.01685, 13071818982]
[0.01215, 13202537172]
[0.01968, 13334562544]
[0.01163, 13467908169]
[0.01269, 13602587251]
[0.01168, 13738613124]
[0.01361, 13875999255]
[0.02823, 14014759247]
[0.03025, 14154906840]
[0.01461, 14296455908]
[0.03587, 14439420467]
[0.01342, 14583814672]
[0.0305, 14729652819]
[0.02416, 14876949347]
[0.01301, 15025718840]
[0.01853, 15175976029]
[0.01079, 15327735789]
[0.0141, 15481013147]
[0.0164, 15635823278]
[0.0117, 15792181511]
[0.01165, 15950103326]
[0.02634, 16109604360]
[0.01878, 16270700403]
[0.02859, 16433407407]
[0.05655, 16597741481]
[0.01025, 16763718896]
[0.01186, 16931356085]
[0.01132, 17100669646]
[0.02313, 17271676342]
[0.01878, 17444393106]
[0.01133, 17618837037]
[0.01195, 17795025407]
[0.01676, 17972975661]
[0.01641, 18152705418]
[0.01099, 18334232472]
[0.03341, 18517574797]
[0.03875, 18702750545]
[0.02545, 18889778050]
[0.01122, 19078675831]
[0.01119, 19269462589]
[0.01066, 19462157215]
[0.02268, 19656778787]
[0.01392, 19853346575]
[0.02099, 20051880041]
[0.03462, 20252398841]
[0.01632, 20454922830]
[0.01521, 20659472058]
[0.01535, 20866066779]
[0.01108, 21074727446]
[0.01791, 21285474721]
[0.01047, 21498329468]
[0.02596, 21713312763]
[0.00997, 21930445890]
[0.02708, 22149750349]
[0.0177, 22371247853]
[0.03591, 22594960331]
[0.02101, 22820909935]
[0.01784, 23049119034]
[0.01039, 23279610224]
[0.01269, 23512406327]
[0.02016, 23747530390]
[0.01581, 23985005694]
[0.01522, 24224855751]
[0.01113, 24467104308]
[0.01144, 24711775351]
[0.02087, 24958893105]
[0.0188, 25208482036]
[0.01004, 25460566856]
[0.01052, 25715172525]
[0.01536, 25972324250]
[0.0194, 26232047493]
[0.01216, 26494367967]
[0.01127, 26759311647]
[0.02334, 27026904764]
[0.01236, 27297173811]
[0.03129, 27570145549]
[0.01648, 27845847005]
[0.01545, 28124305475]
[0.00995, 28405548530]
[0.01128, 28689604015]
[0.01175, 28976500055]
[0.01755, 29266265056]
[0.01085, 29558927706]
[0.01601, 29854516983]
[0.01303, 30153062153]
[0.01095, 30454592775]
[0.01201, 30759138702]
[0.01211, 31066730090]
[0.01536, 31377397390]
[0.03899, 31691171364]
[0.01679, 32008083078]
[0.01776, 32328163909]
[0.03639, 32651445548]
[0.04358, 32977960003]
[0.0453, 33307739603]
[0.01643, 33640816999]
[0.02478, 33977225169]
[0.02033, 34316997421]
[0.01707, 34660167395]
[0.01511, 35006769069]
[0.01117, 35356836760]
[0.01804, 35710405128]
[0.02322, 36067509179]
[0.0291, 36428184271]
[0.00963, 36792466113]
[0.01125, 37160390775]
[0.01028, 37531994682]
[0.01068, 37907314629]
[0.01755, 38286387775]
[0.01492, 38669251653]
[0.01057, 39055944170]
[0.01131, 39446503611]
[0.01922, 39840968648]
[0.01169, 40239378334]
[0.01119, 40641772117]
[0.03861, 41048189839]
[0.01045, 41458671737]
[0.01662, 41873258454]
[0.01247, 42291991039]
[0.03, 42714910949]
[0.01125, 43142060059]
[0.01692, 43573480659]
[0.01732, 44009215466]
[0.03043, 44449307621]
[0.01839, 44893800697]
[0.02133, 45342738704]
[0.01501, 45796166091]
[0.01209, 46254127752]
[0.01521, 46716669029]
[0.0198, 47183835720]
[0.01265, 47655674077]
[0.01561, 48132230818]
[0.01612, 48613553126]
[0.01816, 49099688657]
[0.0175, 49590685544]
[0.01535, 50086592399]
[0.01102, 50587458323]
[0.01755, 51093332906]
[0.0116, 51604266235]
[0.01037, 52120308898]
[0.0107, 52641511987]
[0.01531, 53167927106]
[0.01141, 53699606378]
[0.01077, 54236602441]
[0.01425, 54778968466]
[0.01052, 55326758150]
[0.01736, 55880025732]
[0.01851, 56438825989]
[0.01049, 57003214249]
[0.06171, 57573246392]
[0.01914, 58148978856]
[0.03273, 58730468644]
[0.02013, 59317773331]
[0.01078, 59910951064]
[0.01113, 60510060575]
[0.02071, 61115161180]
[0.01196, 61726312792]
[0.02237, 62343575920]
[0.01158, 62967011679]
[0.01745, 63596681796]
[0.02371, 64232648614]
[0.01264, 64874975100]
[0.01786, 65523724851]
[0.01099, 66178962100]
[0.01207, 66840751721]
[0.01137, 67509159238]
[0.01447, 68184250830]
[0.01069, 68866093339]
[0.01998, 69554754272]
[0.01797, 70250301815]
[0.01162, 70952804833]
[0.01362, 71662332881]
[0.01184, 72378956210]
[0.01737, 73102745772]
[0.01066, 73833773230]
[0.01708, 74572110962]
[0.01172, 75317832072]
[0.01376, 76071010392]
[0.01024, 76831720496]
[0.01049, 77600037701]
[0.01128, 78376038078]
[0.01803, 79159798459]
[0.01195, 79951396444]
[0.01794, 80750910408]
[0.01564, 81558419512]
[0.03904, 82374003707]
[0.01158, 83197743744]
[0.01066, 84029721182]
[0.01179, 84870018394]
[0.01613, 85718718578]
[0.01188, 86575905763]
[0.01323, 87441664821]
[0.02762, 88316081469]
[0.01972, 89199242284]
[0.02058, 90091234707]
[0.01126, 90992147054]
[0.01608, 91902068524]
[0.01181, 92821089210]
[0.01667, 93749300102]
[0.01931, 94686793103]
[0.01824, 95633661034]
[0.01204, 96589997644]
[0.01837, 97555897621]
[0.02463, 98531456597]
[0.03096, 99516771163]
[0.01723, 100511938874]
[0.01842, 101517058263]
[0.01918, 102532228846]
[0.02163, 103557551134]
[0.01337, 104593126646]
[0.01647, 105639057912]
[0.01215, 106695448491]
[0.01173, 107762402976]
[0.01738, 108840027006]
[0.0104, 109928427276]
[0.01256, 111027711549]
[0.01156, 112137988664]
[0.01214, 113259368551]
[0.01625, 114391962236]
[0.03241, 115535881859]
[0.01108, 116691240677]
[0.01097, 117858153084]
[0.02051, 119036734615]
[0.01491, 120227101961]
[0.02515, 121429372981]
[0.01037, 122643666711]
[0.01114, 123870103378]
[0.01613, 125108804412]
[0.01553, 126359892456]
[0.01089, 127623491380]
[0.01175, 128899726294]
[0.01565, 130188723557]
[0.0384, 131490610793]
[0.01193, 132805516900]
[0.01991, 134133572069]
[0.0162, 135474907790]
[0.01084, 136829656868]
[0.01189, 138197953437]
[0.01682, 139579932971]
[0.01347, 140975732301]
[0.0164, 142385489624]
[0.01161, 143809344520]
[0.01149, 145247437965]
[0.02363, 146699912345]
[0.0143, 148166911468]
[0.03177, 149648580583]
[0.01165, 151145066389]
[0.01135, 152656517053]
[0.01054, 154183082223]
[0.01809, 155724913046]
[0.01222, 157282162176]
[0.0135, 158854983798]
[0.01642, 160443533636]
[0.0121, 162047968972]
[0.01566, 163668448662]
[0.01607, 165305133149]
[0.01669, 166958184480]
[0.01645, 168627766325]
[0.01149, 170314043988]
[0.01799, 172017184428]
[0.01568, 173737356272]
[0.01352, 175474729835]
[0.02517, 177229477133]
[0.02606, 179001771905]
[0.01192, 180791789624]
[0.01171, 182599707520]
[0.01679, 184425704595]
[0.01734, 186269961641]
[0.01605, 188132661258]
[0.0124, 190013987870]
[0.01461, 191914127749]
[0.01147, 193833269026]
[0.01195, 195771601717]
[0.01773, 197729317734]
[0.01163, 199706610911]
[0.01167, 201703677020]
[0.01697, 203720713790]
[0.0186, 205757920928]
[0.01107, 207815500138]
[0.01964, 209893655139]
[0.01167, 211992591690]
[0.01255, 214112517607]
[0.01926, 216253642783]
[0.02989, 218416179211]
[0.01091, 220600341003]
[0.01502, 222806344413]
[0.01825, 225034407858]
[0.01064, 227284751936]
[0.01579, 229557599455]
[0.01151, 231853175450]
[0.0103, 234171707205]
[0.01544, 236513424277]
[0.01746, 238878558519]
[0.02122, 241267344105]
[0.01819, 243680017546]
[0.01819, 246116817721]
[0.01212, 248577985898]
[0.01063, 251063765757]
[0.01828, 253574403415]
[0.0152, 256110147449]
[0.01684, 258671248923]
[0.01215, 261257961413]
[0.01695, 263870541027]
[0.01023, 266509246437]
[0.01028, 269174338902]
[0.01219, 271866082291]
[0.02312, 274584743113]
[0.01204, 277330590545]
[0.01239, 280103896450]
[0.01575, 282904935415]
[0.0098, 285733984769]
[0.01989, 288591324616]
[0.02, 291477237863]
[0.01463, 294392010241]
[0.02103, 297335930344]
[0.02047, 300309289647]
[0.02754, 303312382544]
[0.01753, 306345506369]
[0.01735, 309408961433]
[0.0123, 312503051047]
[0.03047, 315628081557]
[0.01208, 318784362373]
[0.01083, 321972205997]
[0.03593, 325191928057]
[0.01607, 328443847337]
[0.01245, 331728285811]
[0.02604, 335045568669]
[0.01136, 338396024355]
[0.01196, 341779984599]
[0.01174, 345197784445]
[0.01806, 348649762290]
[0.01116, 352136259912]
[0.01722, 355657622512]
[0.0116, 359214198737]
[0.01171, 362806340724]
[0.01888, 366434404131]
[0.01929, 370098748173]
[0.01851, 373799735654]
[0.03052, 377537733011]
[0.02284, 381313110341]
[0.01105, 385126241444]
[0.01828, 388977503859]
[0.0108, 392867278897]
[0.01056, 396795951686]
[0.02064, 400763911203]
[0.01654, 404771550315]
[0.01137, 408819265818]
[0.03541, 412907458477]
[0.01166, 417036533061]
[0.01789, 421206898392]
[0.01743, 425418967376]
[0.01114, 429673157050]
[0.01354, 433969888620]
[0.01512, 438309587506]
[0.01121, 442692683382]
[0.01828, 447119610215]
[0.01935, 451590806318]
[0.01738, 456106714381]
[0.03522, 460667781525]
[0.02252, 465274459340]
[0.01921, 469927203933]
[0.01518, 474626475972]
[0.01702, 479372740732]
[0.0108, 484166468140]
[0.0124, 489008132821]
[0.01154, 493898214149]
[0.01111, 498837196291]
[0.01188, 503825568254]
[0.0106, 508863823936]
[0.01613, 513952462175]
[0.0107, 519091986797]
[0.03746, 524282906665]
[0.01052, 529525735732]
[0.04121, 534820993089]
[0.01202, 540169203020]
[0.02528, 545570895050]
[0.01169, 551026604001]
[0.01065, 556536870041]
[0.01122, 562102238741]
[0.01059, 567723261129]
[0.01609, 573400493740]
[0.01772, 579134498677]
[0.02084, 584925843664]
[0.01525, 590775102101]
[0.01161, 596682853122]
[0.02965, 602649681653]
[0.02181, 608676178470]
[0.01716, 614762940254]
[0.01694, 620910569657]
[0.01667, 627119675353]
[0.01892, 633390872107]
[0.01133, 639724780828]
[0.01336, 646122028636]
[0.01068, 652583248923]
[0.01076, 659109081412]
[0.01238, 665700172226]
[0.01804, 672357173948]
[0.01264, 679080745688]
[0.01164, 685871553145]
[0.01597, 692730268676]
[0.02895, 699657571363]
[0.01688, 706654147076]
[0.03801, 713720688547]
[0.01432, 720857895433]
[0.01035, 728066474387]
[0.01907, 735347139131]
[0.01271, 742700610522]
[0.0114, 750127616627]
[0.01701, 757628892794]
[0.01147, 765205181722]
[0.01572, 772857233539]
[0.01079, 780585805874]
[0.01219, 788391663933]
[0.01114, 796275580572]
[0.01098, 804238336378]
[0.01105, 812280719742]
[0.01139, 820403526939]
[0.01496, 828607562209]
[0.01797, 836893637831]
[0.01919, 845262574209]
[0.01171, 853715199951]
[0.04483, 862252351951]
[0.01093, 870874875470]
[0.01215, 879583624225]
[0.01763, 888379460467]
[0.02003, 897263255072]
[0.01916, 906235887623]
[0.01653, 915298246499]
[0.01231, 924451228964]
[0.01401, 933695741253]
[0.01961, 943032698666]
[0.01156, 952463025653]
[0.02791, 961987655909]
[0.01234, 971607532468]
[0.01104, 981323607793]
[0.01182, 991136843871]
[0.01128, 1001048212310]
[0.01773, 1011058694433]
[0.01194, 1021169281377]
[0.01834, 1031380974191]
[0.01072, 1041694783933]
[0.01743, 1052111731772]
[0.01196, 1062632849090]
[0.01959, 1073259177581]
[0.0195, 1083991769357]
[0.01095, 1094831687050]
[0.01227, 1105780003921]
[0.01183, 1116837803960]
[0.01557, 1128006181999]
[0.01104, 1139286243819]
[0.01987, 1150679106258]
[0.01199, 1162185897320]
[0.02356, 1173807756293]
[0.01244, 1185545833856]
[0.01822, 1197401292195]
[0.01217, 1209375305117]
[0.01287, 1221469058168]
[0.01584, 1233683748750]
[0.01819, 1246020586237]
[0.01268, 1258480792100]
[0.01177, 1271065600021]
[0.01271, 1283776256021]
[0.01198, 1296614018581]
[0.0123, 1309580158767]
[0.02026, 1322675960355]
[0.01225, 1335902719958]
[0.01134, 1349261747158]
[0.01208, 1362754364629]
[0.02283, 1376381908276]
[0.0122, 1390145727358]
[0.01121, 1404047184632]
[0.01086, 1418087656478]
[0.01222, 1432268533043]
[0.01204, 1446591218373]
[0.01643, 1461057130557]
[0.0218, 1475667701863]
[0.01326, 1490424378881]
[0.01165, 1505328622670]
[0.05394, 1520381908897]
[0.01574, 1535585727986]
[0.01195, 1550941585266]
[0.01674, 1566451001118]
[0.02395, 1582115511130]
[0.0397, 1597936666241]
[0.01839, 1613916032903]
[0.01311, 1630055193232]
[0.01255, 1646355745165]
[0.01786, 1662819302616]
[0.01268, 1679447495643]
[0.02735, 1696241970599]
[0.01331, 1713204390305]
[0.01624, 1730336434208]
[0.01193, 1747639798550]
[0.01233, 1765116196536]
[0.0174, 1782767358501]
[0.01962, 1800595032086]
[0.02829, 1818600982407]
[0.01758, 1836786992231]
[0.01761, 1855154862153]
[0.01815, 1873706410775]
[0.01177, 1892443474883]
[0.01145, 1911367909631]
[0.01173, 1930481588728]
[0.01164, 1949786404615]
[0.02087, 1969284268661]
[0.01922, 1988977111348]
[0.01732, 2008866882461]
[0.01573, 2028955551286]
[0.01663, 2049245106799]
[0.01606, 2069737557867]
[0.02131, 2090434933445]
[0.01075, 2111339282780]
[0.01446, 2132452675608]
[0.02163, 2153777202364]
[0.01636, 2175314974387]
[0.01599, 2197068124131]
[0.01163, 2219038805373]
[0.01671, 2241229193426]
[0.01843, 2263641485361]
[0.01438, 2286277900214]
[0.01775, 2309140679216]
[0.01728, 2332232086008]
[0.01158, 2355554406869]
[0.01144, 2379109950937]
[0.01371, 2402901050447]
[0.01181, 2426930060951]
[0.01243, 2451199361561]
[0.01283, 2475711355176]
[0.01731, 2500468468728]
[0.01084, 2525473153415]
[0.01085, 2550727884949]
[0.0177, 2576235163799]
[0.01222, 2601997515437]
[0.01277, 2628017490591]
[0.01278, 2654297665497]
[0.01176, 2680840642152]
[0.01966, 2707649048574]
[0.01694, 2734725539059]
[0.0116, 2762072794450]
[0.01666, 2789693522395]
[0.01263, 2817590457619]
[0.01235, 2845766362195]
[0.0225, 2874224025817]
[0.01714, 2902966266075]
[0.01273, 2931995928736]
[0.01245, 2961315888023]
[0.0339, 2990929046903]
[0.01273, 3020838337372]
[0.04171, 3051046720746]
[0.01219, 3081557187953]
[0.0191, 3112372759833]
[0.01638, 3143496487431]
[0.01253, 3174931452306]
[0.01225, 3206680766829]
[0.01703, 3238747574497]
[0.01395, 3271135050242]
[0.01638, 3303846400744]
[0.0285, 3336884864752]
[0.01785, 3370253713399]
[0.01248, 3403956250533]
[0.01155, 3437995813039]
[0.01683, 3472375771169]
[0.01133, 3507099528881]
[0.01611, 3542170524170]
[0.02459, 3577592229411]
[0.01982, 3613368151705]
[0.01649, 3649501833222]
[0.01136, 3685996851555]
[0.02275, 3722856820070]
[0.01963, 3760085388271]
[0.0162, 3797686242154]
[0.01872, 3835663104575]
[0.01404, 3874019735621]
[0.01693, 3912759932977]
[0.01388, 3951887532307]
[0.01944, 3991406407630]
[0.01321, 4031320471706]
[0.01972, 4071633676423]
[0.01591, 4112350013188]
[0.01902, 4153473513320]
[0.0127, 4195008248453]
[0.05641, 4236958330937]
[0.01754, 4279327914247]
[0.01975, 4322121193389]
[0.01568, 4365342405323]
[0.02128, 4408995829376]
[0.01078, 4453085787670]
[0.0147, 4497616645547]
[0.01251, 4542592812002]
[0.01661, 4588018740122]
[0.01653, 4633898927523]
[0.01144, 4680237916799]
[0.01582, 4727040295967]
[0.01156, 4774310698926]
[0.02994, 4822053805916]
[0.01168, 4870274343975]
[0.01294, 4918977087414]
[0.01673, 4968166858289]
[0.01636, 5017848526872]
[0.01207, 5068027012140]
[0.01126, 5118707282262]
[0.01349, 5169894355084]
[0.02444, 5221593298635]
[0.01547, 5273809231621]
[0.03363, 5326547323938]
[0.01328, 5379812797177]
[0.01336, 5433610925149]
[0.01776, 5487947034400]
[0.01616, 5542826504744]
[0.01736, 5598254769792]
[0.01966, 5654237317490]
[0.01628, 5710779690665]
[0.01276, 5767887487571]
[0.01634, 5825566362447]
[0.01312, 5883822026071]
[0.01209, 5942660246332]
[0.02309, 6002086848796]
[0.01318, 6062107717283]
[0.01911, 6122728794456]
[0.01773, 6183956082401]
[0.0182, 6245795643225]
[0.01168, 6308253599657]
[0.01322, 6371336135654]
[0.01895, 6435049497010]
[0.02073, 6499399991980]
[0.02028, 6564393991900]
[0.0186, 6630037931819]
[0.01915, 6696338311137]
[0.01302, 6763301694249]
[0.01576, 6830934711191]
[0.08144, 6899244058303]
[0.01129, 6968236498886]
[0.02352, 7037918863875]
[0.01875, 7108298052514]
[0.01111, 7179381033039]
[0.01855, 7251174843369]
[0.02097, 7323686591803]
[0.01086, 7396923457721]
[0.01325, 7470892692298]
[0.01343, 7545601619221]
[0.01411, 7621057635414]
[0.01703, 7697268211768]
[0.02663, 7774240893885]
[0.01078, 7851983302824]
[0.01849, 7930503135852]
[0.01339, 8009808167211]
[0.01171, 8089906248883]
[0.02133, 8170805311372]
[0.02244, 8252513364486]
[0.01266, 8335038498131]
[0.01089, 8418388883112]
[0.01538, 8502572771943]
[0.01344, 8587598499662]
[0.01186, 8673474484659]
[0.01235, 8760209229506]
[0.02718, 8847811321801]
[0.01328, 8936289435019]
[0.03337, 9025652329369]
[0.01309, 9115908852663]
[0.02243, 9207067941189]
[0.02385, 9299138620601]
[0.01727, 9392130006807]
[0.01234, 9486051306875]
[0.01966, 9580911819944]
[0.01226, 9676720938143]
[0.01545, 9773488147525]
[0.01874, 9871223029000]
[0.01313, 9969935259290]
[0.03183, 10069634611883]
[0.0193, 10170330958002]
[0.01588, 10272034267582]
[0.01213, 10374754610258]
[0.02258, 10478502156360]
[0.01109, 10583287177924]
[0.01183, 10689120049703]
[0.01087, 10796011250200]
[0.01551, 10903971362702]
[0.01194, 11013011076329]
[0.01221, 11123141187093]
[0.01412, 11234372598963]
[0.0567, 11346716324953]
[0.05376, 11460183488203]
[0.01169, 11574785323085]
[0.0169, 11690533176316]
[0.02697, 11807438508079]
[0.06028, 11925512893159]
[0.02426, 12044768022091]
[0.02092, 12165215702312]
[0.01878, 12286867859335]
[0.01613, 12409736537928]
[0.018, 12533833903308]
[0.01665, 12659172242341]
[0.01801, 12785763964764]
[0.01308, 12913621604412]
[0.01262, 13042757820456]
[0.0586, 13173185398661]
[0.01108, 13304917252647]
[0.01307, 13437966425174]
[0.01944, 13572346089425]
[0.0181, 13708069550320]
[0.02278, 13845150245823]
[0.01372, 13983601748281]
[0.0198, 14123437765764]
[0.01224, 14264672143422]
[0.01675, 14407318864856]
[0.01496, 14551392053504]
[0.01747, 14696905974039]
[0.01792, 14843875033780]
[0.01159, 14992313784118]
[0.01616, 15142236921959]
[0.01744, 15293659291178]
[0.01761, 15446595884090]
[0.01639, 15601061842931]
[0.01761, 15757072461360]
[0.01122, 15914643185974]
[0.01675, 16073789617834]
[0.0209, 16234527514012]
[0.01826, 16396872789152]
[0.01234, 16560841517044]
[0.0179, 16726449932214]
[0.01765, 16893714431536]
[0.01652, 17062651575852]
[0.01649, 17233278091610]
[0.01799, 17405610872526]
[0.01688, 17579666981252]
[0.01777, 17755463651064]
[0.01623, 17933018287575]
[0.02002, 18112348470451]
[0.01558, 18293471955155]
[0.05301, 18476406674707]
[0.01062, 18661170741454]
[0.01709, 18847782448868]
[0.01106, 19036260273357]
[0.03309, 19226622876090]
[0.0191, 19418889104851]
[0.01311, 19613077995900]
[0.01193, 19809208775859]
[0.01227, 20007300863618]
[0.02104, 20207373872254]
[0.01874, 20409447610976]
[0.01264, 20613542087086]
[0.01311, 20819677507957]
[0.01874, 21027874283036]
[0.01065, 21238153025867]
[0.01124, 21450534556125]
[0.01859, 21665039901687]
[0.01746, 21881690300704]
[0.01143, 22100507203711]
[0.01406, 22321512275748]
[0.01626, 22544727398505]
[0.01693, 22770174672490]
[0.02027, 22997876419215]
[0.01931, 23227855183407]
[0.01673, 23460133735241]
[0.0118, 23694735072594]
[0.01684, 23931682423320]
[0.03165, 24170999247553]
[0.01749, 24412709240029]
[0.01097, 24656836332429]
[0.01098, 24903404695753]
[0.01556, 25152438742711]
[0.01295, 25403963130138]
[0.01644, 25658002761439]
[0.01281, 25914582789054]
[0.05483, 26173728616944]
[0.01201, 26435465903114]
[0.0116, 26699820562145]
[0.0142, 26966818767766]
[0.01358, 27236486955444]
[0.02212, 27508851824998]
[0.01863, 27783940343248]
[0.02864, 28061779746681]
[0.01793, 28342397544148]
[0.01218, 28625821519589]
[0.01731, 28912079734785]
[0.01865, 29201200532133]
[0.01171, 29493212537454]
[0.02053, 29788144662829]
[0.01958, 30086026109457]
[0.02058, 30386886370552]
[0.01333, 30690755234257]
[0.01523, 30997662786600]
[0.01978, 31307639414466]
[0.0135, 31620715808610]
[0.02373, 31936922966696]
[0.01597, 32256292196363]
[0.01683, 32578855118327]
[0.01093, 32904643669510]
[0.01164, 33233690106205]
[0.01467, 33566027007267]
[0.01771, 33901687277340]
[0.01173, 34240704150114]
[0.01686, 34583111191615]
[0.01746, 34928942303531]
[0.01203, 35278231726566]
[0.02646, 35631014043832]
[0.01225, 35987324184270]
[0.01643, 36347197426113]
[0.01416, 36710669400374]
[0.01634, 37077776094378]
[0.01411, 37448553855321]
[0.01819, 37823039393875]
[0.01325, 38201269787813]
[0.01855, 38583282485692]
[0.01384, 38969115310549]
[0.01631, 39358806463654]
[0.01287, 39752394528291]
[0.01448, 40149918473573]
[0.01735, 40551417658309]
[0.01674, 40956931834892]
[0.01395, 41366501153241]
[0.01192, 41780166164774]
[0.02041, 42197967826421]
[0.01339, 42619947504686]
[0.01181, 43046146979732]
[0.01747, 43476608449530]
[0.01526, 43911374534025]
[0.02583, 44350488279365]
[0.01248, 44793993162159]
[0.02047, 45241933093781]
[0.01255, 45694352424718]
[0.01815, 46151295948966]
[0.01412, 46612808908455]
[0.01356, 47078936997540]
[0.01833, 47549726367515]
[0.02616, 48025223631190]
[0.03359, 48505475867502]
[0.01707, 48990530626177]
[0.01377, 49480435932439]
[0.0278, 49975240291764]
[0.05445, 50474992694681]
[0.01207, 50979742621628]
[0.01846, 51489540047844]
[0.01852, 52004435448323]
[0.01393, 52524479802806]
[0.01811, 53049724600834]
[0.01969, 53580221846842]
[0.01347, 54116024065311]
[0.01757, 54657184305964]
[0.01222, 55203756149024]
[0.01362, 55755793710514]
[0.0134, 56313351647619]
[0.0155, 56876485164095]
[0.01549, 57445250015736]
[0.01535, 58019702515893]
[0.0181, 58599899541052]
[0.01308, 59185898536463]
[0.01782, 59777757521828]
[0.01887, 60375535097046]
[0.01716, 60979290448016]
[0.01271, 61589083352496]
[0.01788, 62204974186021]
[0.03047, 62827023927882]
[0.02617, 63455294167160]
[0.02181, 64089847108832]
[0.01961, 64730745579920]
[0.01246, 65378053035720]
[0.05397, 66031833566077]
[0.01282, 66692151901738]
[0.01124, 67359073420755]
[0.01272, 68032664154963]
[0.01155, 68712990796512]
[0.01856, 69400120704477]
[0.01375, 70094121911522]
[0.01878, 70795063130637]
[0.01401, 71503013761944]
[0.01698, 72218043899563]
[0.01469, 72940224338559]
[0.01259, 72940224338559]
