[0.00622, 1]
[0.00726, 2]
[0.00892, 3]
[0.01295, 4]
[0.00922, 5]
[0.00923, 6]
[0.0093, 7]
[0.03847, 8]
[0.01705, 9]
[0.01572, 10]
[0.01381, 11]
[0.01106, 12]
[0.01563, 13]
[0.01639, 14]
[0.01842, 15]
[0.01368, 16]
[0.02034, 17]
[0.01517, 18]
[0.01495, 19]
[0.01425, 20]
[0.02084, 21]
[0.01839, 22]
[0.02174, 23]
[0.02286, 24]
[0.01909, 25]
[0.01843, 26]
[0.01879, 27]
[0.01978, 28]
[0.01951, 29]
[0.02165, 30]
[0.02314, 31]
[0.01919, 32]
[0.01925, 33]
[0.02396, 34]
[0.02588, 35]
[0.02696, 36]
[0.02636, 37]
[0.023, 38]
[0.02375, 39]
[0.02504, 40]
[0.02934, 41]
[0.02299, 42]
[0.02225, 43]
[0.02449, 44]
[0.02827, 45]
[0.02236, 46]
[0.03458, 47]
[0.03278, 48]
[0.03131, 49]
[0.02685, 50]
[0.02944, 51]
[0.03153, 52]
[0.0314, 53]
[0.0308, 54]
[0.03159, 55]
[0.03362, 56]
[0.03346, 57]
[0.03268, 58]
[0.03969, 59]
[0.02952, 60]
[0.03264, 61]
[0.02909, 62]
[0.05487, 63]
[0.04512, 64]
[0.03638, 65]
[0.04909, 66]
[0.03925, 67]
[0.03884, 68]
[0.03323, 69]
[0.04401, 70]
[0.04169, 71]
[0.03517, 72]
[0.04287, 73]
[0.0338, 74]
[0.04313, 75]
[0.05703, 76]
[0.03944, 77]
[0.04179, 78]
[0.03614, 79]
[0.04469, 80]
[0.04699, 81]
[0.04151, 82]
[0.05119, 83]
[0.04281, 84]
[0.04038, 85]
[0.05069, 86]
[0.04007, 87]
[0.04, 88]
[0.0403, 89]
[0.04927, 90]
[0.04133, 91]
[0.03986, 92]
[0.04104, 93]
[0.04505, 94]
[0.04773, 95]
[0.04758, 96]
[0.04592, 97]
[0.04057, 98]
[0.04668, 99]
[0.05103, 100]
[0.05111, 101]
[0.05345, 102]
[0.04871, 103]
[0.05794, 104]
[0.0482, 105]
[0.04917, 106]
[0.0531, 107]
[0.08415, 108]
[0.05173, 109]
[0.0541, 110]
[0.05607, 111]
[0.04871, 112]
[0.04849, 114]
[0.0605, 115]
[0.04973, 116]
[0.05255, 117]
[0.04897, 118]
[0.04872, 119]
[0.06294, 121]
[0.06057, 122]
[0.05675, 123]
[0.05682, 124]
[0.05627, 125]
[0.06067, 127]
[0.05678, 128]
[0.0606, 129]
[0.07033, 131]
[0.06183, 132]
[0.06867, 133]
[0.06087, 135]
[0.05718, 136]
[0.06434, 137]
[0.05899, 139]
[0.06212, 140]
[0.05645, 141]
[0.06887, 143]
[0.06483, 144]
[0.06907, 146]
[0.07157, 147]
[0.07859, 149]
[0.06605, 150]
[0.06571, 152]
[0.07009, 153]
[0.06617, 155]
[0.06852, 156]
[0.07321, 158]
[0.07192, 159]
[0.07096, 161]
[0.06985, 163]
[0.07495, 164]
[0.09316, 166]
[0.0798, 168]
[0.07781, 169]
[0.07615, 171]
[0.07686, 173]
[0.07776, 174]
[0.07624, 176]
[0.08035, 178]
[0.07605, 180]
[0.08073, 182]
[0.08546, 183]
[0.07759, 185]
[0.07675, 187]
[0.08056, 189]
[0.11211, 191]
[0.08212, 193]
[0.08967, 195]
[0.09805, 197]
[0.09074, 199]
[0.0863, 201]
[0.09139, 203]
[0.08728, 205]
[0.09769, 207]
[0.09142, 209]
[0.14082, 211]
[0.0903, 213]
[0.09304, 215]
[0.08781, 217]
[0.08853, 219]
[0.10477, 222]
[0.10373, 224]
[0.09769, 226]
[0.10051, 228]
[0.13561, 231]
[0.10272, 233]
[0.10009, 235]
[0.10016, 238]
[0.0991, 240]
[0.103, 242]
[0.0992, 245]
[0.10424, 247]
[0.09943, 250]
[0.1049, 252]
[0.11707, 255]
[0.11455, 257]
[0.2905, 260]
[0.12446, 263]
[0.11556, 265]
[0.11431, 268]
[0.11429, 270]
[0.12529, 273]
[0.11431, 276]
[0.11683, 279]
[0.11828, 281]
[0.12312, 284]
[0.12068, 287]
[0.12999, 290]
[0.12769, 293]
[0.13245, 296]
[0.1319, 299]
[0.12865, 302]
[0.12896, 305]
[0.13367, 308]
[0.12983, 311]
[0.13008, 314]
[0.13557, 317]
[0.12917, 320]
[0.1714, 324]
[0.14875, 327]
[0.15506, 330]
[0.1499, 333]
[0.14367, 337]
[0.14987, 340]
[0.14361, 344]
[0.14935, 347]
[0.14549, 350]
[0.14551, 354]
[0.15135, 358]
[0.17911, 361]
[0.16359, 365]
[0.1687, 368]
[0.16341, 372]
[0.16831, 376]
[0.1621, 380]
[0.1655, 383]
[0.16128, 387]
[0.16592, 391]
[0.17218, 395]
[0.24497, 399]
[0.18284, 403]
[0.19478, 407]
[0.18913, 411]
[0.18256, 415]
[0.17819, 419]
[0.18314, 424]
[0.4508, 428]
[0.18724, 432]
[0.19174, 436]
[0.20334, 441]
[0.20181, 445]
[0.19521, 450]
[0.19627, 454]
[0.19686, 459]
[0.21727, 463]
[0.19666, 468]
[0.20908, 473]
[0.19827, 477]
[0.2019, 482]
[0.22014, 487]
[0.21538, 492]
[0.2233, 497]
[0.22291, 502]
[0.22449, 507]
[0.22421, 512]
[0.2255, 517]
[0.21897, 522]
[0.21825, 527]
[0.23527, 533]
[0.23768, 538]
[0.23372, 543]
[0.23722, 549]
[0.24239, 554]
[0.23769, 560]
[0.23908, 565]
[0.242, 571]
[0.26052, 577]
[0.25931, 583]
[0.25662, 588]
[0.26174, 594]
[0.26143, 600]
[0.26401, 606]
[0.26844, 612]
[0.26022, 618]
[0.27642, 625]
[0.28512, 631]
[0.28603, 637]
[0.28475, 644]
[0.28229, 650]
[0.28825, 656]
[0.28733, 663]
[0.29158, 670]
[0.7633, 676]
[0.42459, 683]
[0.30741, 690]
[0.30834, 697]
[0.32127, 704]
[0.30695, 711]
[0.30836, 718]
[0.31767, 725]
[0.32841, 732]
[0.33127, 740]
[0.33961, 747]
[0.32997, 755]
[0.33085, 762]
[0.33591, 770]
[0.33178, 778]
[0.35183, 785]
[0.35358, 793]
[0.35782, 801]
[0.35814, 809]
[0.36127, 817]
[0.35829, 825]
[0.35577, 834]
[0.38314, 842]
[0.37884, 850]
[0.38433, 859]
[0.38974, 868]
[0.38349, 876]
[0.38283, 885]
[0.38262, 894]
[0.41407, 903]
[0.40657, 912]
[0.41795, 921]
[0.4111, 930]
[0.41145, 939]
[0.40833, 949]
[0.41505, 958]
[0.43549, 968]
[0.44087, 978]
[0.43714, 987]
[0.43779, 997]
[0.43996, 1007]
[0.44247, 1017]
[0.46556, 1028]
[0.46244, 1038]
[0.47359, 1048]
[0.47466, 1059]
[0.48585, 1069]
[0.47251, 1080]
[0.49394, 1091]
[0.53413, 1102]
[0.50121, 1113]
[0.50151, 1124]
[0.4975, 1135]
[0.4987, 1146]
[0.54935, 1158]
[0.52964, 1169]
[0.53226, 1181]
[0.52872, 1193]
[0.53131, 1205]
[0.5303, 1217]
[0.62773, 1229]
[0.57056, 1241]
[0.59823, 1254]
[0.80158, 1266]
[0.56142, 1279]
[0.57521, 1292]
[1.53329, 1305]
[0.59967, 1318]
[0.60552, 1331]
[0.59994, 1344]
[0.59342, 1358]
[0.63235, 1371]
[0.62332, 1385]
[0.62701, 1399]
[0.62681, 1413]
[0.62513, 1427]
[0.62918, 1441]
[0.65488, 1456]
[0.66216, 1470]
[0.67788, 1485]
[0.66134, 1500]
[0.66567, 1515]
[0.71839, 1530]
[0.69973, 1545]
[0.69783, 1561]
[0.70193, 1576]
[0.69928, 1592]
[0.72978, 1608]
[0.74637, 1624]
[0.7365, 1640]
[0.73641, 1657]
[0.75748, 1673]
[0.77193, 1690]
[0.77347, 1707]
[0.78604, 1724]
[0.77565, 1741]
[0.77343, 1759]
[0.8105, 1776]
[0.83291, 1794]
[0.81391, 1812]
[0.81063, 1830]
[0.88465, 1849]
[0.84432, 1867]
[0.84433, 1886]
[0.85415, 1905]
[0.85224, 1924]
[0.90515, 1943]
[0.8903, 1962]
[0.92932, 1982]
[0.93284, 2002]
[0.89196, 2022]
[0.92922, 2042]
[0.94329, 2062]
[2.54769, 2083]
[0.94136, 2104]
[0.97257, 2125]
[0.9776, 2146]
[0.98158, 2168]
[1.35746, 2189]
[1.03165, 2211]
[1.01768, 2233]
[1.01597, 2256]
[1.05435, 2278]
[1.02558, 2301]
[1.05802, 2324]
[1.06906, 2347]
[1.5156, 2371]
[1.09242, 2395]
[1.10844, 2418]
[1.12229, 2443]
[1.12121, 2467]
[1.11732, 2492]
[1.17994, 2517]
[1.20365, 2542]
[1.16295, 2567]
[1.16216, 2593]
[1.18674, 2619]
[1.26256, 2645]
[1.24654, 2672]
[1.20355, 2698]
[1.24802, 2725]
[1.26541, 2753]
[1.25307, 2780]
[1.30668, 2808]
[1.29003, 2836]
[1.30669, 2864]
[1.30626, 2893]
[1.3691, 2922]
[1.41599, 2951]
[1.35429, 2981]
[1.36534, 3010]
[1.40173, 3041]
[1.47152, 3071]
[1.41861, 3102]
[1.44785, 3133]
[1.45012, 3164]
[1.45606, 3196]
[1.55332, 3228]
[1.48359, 3260]
[1.51421, 3293]
[1.51606, 3325]
[1.52387, 3359]
[2.20761, 3392]
[1.57513, 3426]
[1.56482, 3461]
[1.66551, 3495]
[1.68727, 3530]
[1.64219, 3565]
[1.6649, 3601]
[1.66721, 3637]
[1.68341, 3673]
[1.67791, 3710]
[1.72754, 3747]
[4.43498, 3785]
[1.73585, 3823]
[1.78452, 3861]
[1.78791, 3899]
[1.7971, 3938]
[1.84443, 3978]
[1.8414, 4018]
[1.91818, 4058]
[1.90264, 4098]
[1.91149, 4139]
[1.92312, 4181]
[1.92697, 4223]
[1.96274, 4265]
[2.01157, 4307]
[1.97342, 4351]
[2.03567, 4394]
[2.05504, 4438]
[2.03586, 4482]
[2.1137, 4527]
[2.11488, 4573]
[2.11017, 4618]
[2.1659, 4664]
[2.16917, 4711]
[2.20601, 4758]
[2.22286, 4806]
[2.31857, 4854]
[2.346, 4902]
[2.40158, 4951]
[2.32611, 5001]
[2.35554, 5051]
[3.3111, 5101]
[2.38919, 5152]
[2.41285, 5204]
[2.47407, 5256]
[2.43927, 5309]
[2.49278, 5362]
[2.54236, 5415]
[2.53657, 5470]
[2.58653, 5524]
[2.59479, 5579]
[2.64206, 5635]
[2.67901, 5692]
[2.66539, 5749]
[2.74685, 5806]
[2.73713, 5864]
[2.75019, 5923]
[2.81129, 5982]
[2.81896, 6042]
[2.86296, 6102]
[2.89228, 6163]
[2.86927, 6225]
[2.94213, 6287]
[3.00644, 6350]
[3.03781, 6414]
[3.00952, 6478]
[3.08899, 6542]
[3.10803, 6608]
[3.13731, 6674]
[3.17526, 6741]
[3.17421, 6808]
[3.19878, 6876]
[3.26804, 6945]
[3.27143, 7014]
[3.33488, 7085]
[3.364, 7155]
[3.47651, 7227]
[3.45179, 7299]
[3.43667, 7372]
[3.73027, 7446]
[4.89675, 7520]
[3.61676, 7596]
[9.04695, 7672]
[3.66629, 7748]
[3.79585, 7826]
[3.72595, 7904]
[3.74179, 7983]
[3.7506, 8063]
[3.91665, 8144]
[5.56966, 8225]
[4.40077, 8307]
[3.92375, 8390]
[4.0195, 8474]
[4.06697, 8559]
[4.01901, 8645]
[4.11047, 8731]
[4.1668, 8818]
[4.18582, 8907]
[4.19943, 8996]
[4.2896, 9086]
[4.30436, 9176]
[4.39335, 9268]
[4.38685, 9361]
[4.48955, 9455]
[4.50518, 9549]
[4.57733, 9645]
[4.57073, 9741]
[4.6712, 9838]
[4.70734, 9937]
[4.81673, 10036]
[4.80173, 10137]
[4.90385, 10238]
[4.87552, 10340]
[5.06089, 10444]
[5.10155, 10548]
[5.03484, 10654]
[5.07825, 10760]
[5.18973, 10868]
[5.2002, 10977]
[5.26355, 11086]
[5.31158, 11197]
[5.36127, 11309]
[5.40712, 11422]
[5.48802, 11536]
[5.51462, 11652]
[7.78133, 11768]
[6.40997, 11886]
[7.98987, 12005]
[5.79164, 12125]
[5.81648, 12246]
[5.87675, 12369]
[5.90953, 12492]
[6.03922, 12617]
[6.12478, 12743]
[6.11555, 12871]
[6.36447, 13000]
[6.30643, 13130]
[6.55106, 13261]
[6.34573, 13394]
[6.46851, 13527]
[6.44414, 13663]
[6.57853, 13799]
[6.7678, 13937]
[6.73723, 14077]
[6.98365, 14218]
[8.67301, 14360]
[6.95161, 14503]
[7.00819, 14648]
[7.03088, 14795]
[7.27994, 14943]
[7.09656, 15092]
[7.53046, 15243]
[7.4541, 15396]
[7.42448, 15550]
[7.57146, 15705]
[7.50354, 15862]
[7.88011, 16021]
[7.99885, 16181]
[7.82556, 16343]
[7.87757, 16506]
[7.96598, 16671]
[8.35299, 16838]
[8.12382, 17006]
[8.27704, 17176]
[8.46826, 17348]
[8.39847, 17522]
[8.53968, 17697]
[8.54554, 17874]
[8.74455, 18053]
[12.61526, 18233]
[8.79267, 18416]
[8.97673, 18600]
[9.00184, 18786]
[9.08651, 18974]
[9.2134, 19163]
[9.31096, 19355]
[9.33611, 19548]
[9.54119, 19744]
[13.36348, 19941]
[9.6777, 20141]
[19.28351, 20342]
[9.8839, 20546]
[10.01584, 20751]
[10.42233, 20959]
[10.1976, 21168]
[10.34649, 21380]
[10.41462, 21594]
[10.88762, 21810]
[19.07415, 22028]
[10.78324, 22248]
[22.221, 22471]
[10.9438, 22695]
[11.12772, 22922]
[11.20396, 23151]
[11.34518, 23383]
[11.65176, 23617]
[11.58449, 23853]
[12.00146, 24092]
[23.08697, 24332]
[16.50127, 24576]
[12.08464, 24822]
[12.39395, 25070]
[13.00241, 25320]
[12.32863, 25574]
[12.62003, 25829]
[12.6394, 26088]
[12.7421, 26349]
[13.40524, 26612]
[13.00467, 26878]
[22.63388, 27147]
[13.35342, 27418]
[15.81291, 27693]
[13.73583, 27970]
[24.77219, 28249]
[13.74634, 28532]
[14.08058, 28817]
[14.05241, 29105]
[14.25021, 29396]
[14.61401, 29690]
[18.17655, 29987]
[14.72496, 30287]
[15.46802, 30590]
[16.35097, 30896]
[14.98296, 31205]
[15.85738, 31517]
[15.5855, 31832]
[15.91436, 32150]
[15.81099, 32472]
[16.03547, 32797]
[16.07754, 33125]
[26.83687, 33456]
[16.43403, 33790]
[16.48954, 34128]
[16.7557, 34470]
[16.94534, 34814]
[17.01847, 35162]
[17.29141, 35514]
[17.41894, 35869]
[17.57729, 36228]
[17.90665, 36590]
[18.20935, 36956]
[18.40849, 37326]
[18.32403, 37699]
[18.48802, 38076]
[18.93674, 38457]
[18.99867, 38841]
[19.23508, 39230]
[19.51629, 39622]
[19.81207, 40018]
[19.82496, 40418]
[20.56887, 40823]
[20.14863, 41231]
[21.66675, 41643]
[20.76616, 42060]
[20.75526, 42480]
[22.06131, 42905]
[21.147, 43334]
[21.25667, 43767]
[27.60675, 44205]
[22.07149, 44647]
[22.12128, 45094]
[22.3516, 45545]
[22.31078, 46000]
[27.11455, 46460]
[22.72892, 46925]
[23.05755, 47394]
[23.27403, 47868]
[24.39257, 48346]
[23.82912, 48830]
[25.44572, 49318]
[25.20044, 49811]
[24.42594, 50310]
[25.08165, 50813]
[24.94789, 51321]
[25.22699, 51834]
[25.64782, 52352]
[25.61627, 52876]
[26.30186, 53405]
[26.34437, 53939]
[26.55521, 54478]
[26.6989, 55023]
[26.79999, 55573]
[27.41664, 56129]
[27.70135, 56690]
[27.95497, 57257]
[28.5541, 57830]
[28.43087, 58408]
[29.27647, 58992]
[39.41394, 59582]
[33.64976, 60178]
[29.76025, 60780]
[29.94978, 61387]
[30.36781, 62001]
[32.23444, 62621]
[31.09599, 63247]
[34.89335, 63880]
[31.61749, 64519]
[31.81835, 65164]
[32.41753, 65816]
[34.14405, 66474]
[32.92392, 67138]
[35.24276, 67810]
[33.44619, 68488]
[34.13811, 69173]
[37.24746, 69865]
[34.54112, 70563]
[35.0845, 71269]
[35.22797, 71982]
[35.44618, 72701]
[38.03446, 73428]
[36.25735, 74163]
[36.83946, 74904]
[36.97032, 75653]
[37.80155, 76410]
[38.01091, 77174]
[38.14344, 77946]
[38.50333, 78725]
[38.63965, 79512]
[39.49552, 80308]
[40.80666, 81111]
[50.77722, 81922]
[48.86553, 82741]
[41.16598, 83568]
[41.67823, 84404]
[42.43288, 85248]
[41.89028, 86101]
[47.60968, 86962]
[42.97641, 87831]
[43.785, 88710]
[44.45328, 89597]
[44.21802, 90493]
[45.20012, 91398]
[45.058, 92312]
[59.55715, 93235]
[55.74159, 94167]
[46.66151, 95109]
[47.13947, 96060]
[48.01671, 97020]
[48.05333, 97991]
[49.31861, 98971]
[49.35034, 99960]
[49.52805, 100960]
[51.07469, 101969]
[50.80228, 102989]
[51.76489, 104019]
[52.71725, 105059]
[52.67845, 106110]
[53.58865, 107171]
[53.47423, 108243]
[53.84609, 109325]
[54.46208, 110418]
[55.1905, 111523]
[56.05903, 112638]
[60.40907, 113764]
[62.85101, 114902]
[57.82006, 116051]
[57.85278, 117211]
[58.7717, 118383]
[59.63551, 119567]
[59.79335, 120763]
[61.01944, 121971]
[60.2703, 123190]
[61.23286, 124422]
[62.05281, 125666]
[63.24295, 126923]
[63.3776, 128192]
[67.49605, 129474]
[64.97468, 130769]
[65.00128, 132077]
[66.3555, 133397]
[67.79343, 134731]
[69.41731, 136079]
[72.03711, 137440]
[68.79989, 138814]
[70.16247, 140202]
[69.91616, 141604]
[70.75534, 143020]
[72.70309, 144450]
[71.48291, 145895]
[73.27077, 147354]
[73.85862, 148827]
[74.36889, 150316]
[75.37498, 151819]
[75.92456, 153337]
[77.17849, 154870]
[77.78459, 156419]
[78.87876, 157983]
[79.47771, 159563]
[79.3753, 161159]
[81.03817, 162770]
[82.03337, 164398]
[82.22935, 166042]
[83.5205, 167703]
[83.83388, 169380]
[84.62145, 171073]
[85.30672, 172784]
[89.41162, 174512]
[87.48442, 176257]
[93.38797, 178020]
[90.2263, 179800]
[94.5838, 181598]
[90.96835, 183414]
[94.92611, 185248]
[93.21153, 187100]
[94.50407, 188971]
[94.8472, 190861]
[96.23655, 192770]
[97.43691, 194698]
[97.22287, 196644]
[97.4534, 198611]
[100.09231, 200597]
[103.07733, 202603]
[108.18416, 204629]
[102.87554, 206675]
[102.80458, 208742]
[104.73543, 210830]
[105.7414, 212938]
[106.95933, 215067]
[114.93571, 217218]
[109.9444, 219390]
[109.50634, 221584]
[110.5622, 223800]
[111.98472, 226038]
[116.41735, 228298]
[114.48562, 230581]
[115.49342, 232887]
[122.84891, 235216]
[118.35619, 237568]
[118.90277, 239944]
[120.47415, 242343]
[128.59427, 244767]
[122.25197, 247214]
[124.45765, 249686]
[128.58102, 252183]
[126.70031, 254705]
[128.34879, 257252]
[129.69805, 259825]
[130.29871, 262423]
[131.71263, 265047]
[133.84514, 267698]
[133.67561, 270375]
[135.96627, 273078]
[138.45469, 275809]
[138.74679, 278567]
[141.01931, 281353]
[142.51167, 284167]
[141.7483, 287008]
[144.64311, 289878]
[146.30175, 292777]
[153.07308, 295705]
[148.73534, 298662]
[151.35844, 301649]
[152.21466, 304665]
[153.14682, 307712]
[153.65048, 310789]
[159.03234, 313897]
[157.18063, 317036]
[158.99303, 320206]
[163.90555, 323408]
[163.06607, 326642]
[165.40186, 329909]
[176.54519, 333208]
[178.83891, 336540]
[169.47129, 339905]
[171.8331, 343304]
[183.19536, 346737]
[175.48361, 350205]
[189.004, 353707]
[177.59415, 357244]
[181.69381, 360816]
[197.03884, 364424]
[183.856, 368069]
[185.71523, 371749]
[193.09606, 375467]
[190.96982, 379222]
[192.53082, 383014]
[194.6476, 386844]
[196.95515, 390712]
[224.08401, 394619]
[197.8152, 398566]
[201.87089, 402551]
[202.48761, 406577]
[204.23854, 410643]
[209.99049, 414749]
[210.90755, 418897]
[214.57822, 423086]
[225.8662, 427316]
[217.54823, 431590]
[217.71928, 435905]
[219.11818, 440264]
[222.41523, 444667]
[225.33196, 449114]
[231.59796, 453605]
[231.04733, 458141]
[231.38792, 462722]
[246.22009, 467350]
[240.02599, 472023]
[240.08484, 476743]
[239.25605, 481511]
[244.09369, 486326]
[244.55064, 491189]
[250.44426, 496101]
[253.03108, 501062]
[254.81017, 506073]
[264.13529, 511133]
[261.8661, 516245]
[262.42365, 521407]
[261.9125, 526621]
[267.88169, 531888]
[270.86972, 537206]
[289.36569, 542579]
[292.52947, 548004]
[278.96447, 553484]
[280.22513, 559019]
[286.05273, 564609]
[285.10527, 570256]
[290.07898, 575958]
[292.08637, 581718]
[298.11842, 587535]
[301.51774, 593410]
[318.78102, 599344]
[306.56237, 605338]
[305.96048, 611391]
[307.61397, 617505]
[315.86878, 623680]
[316.47882, 629917]
[319.63855, 636216]
[327.56996, 642578]
[323.96142, 649004]
[338.37788, 655494]
[330.89022, 662049]
[337.40133, 668670]
[343.29566, 675356]
[370.60068, 682110]
[348.87554, 688931]
[351.74466, 695820]
[354.14112, 702778]
[360.52889, 709806]
[358.46199, 716904]
[372.46994, 724073]
[367.71804, 731314]
[375.65294, 738627]
[398.19922, 746013]
[383.63598, 753474]
[381.84217, 761008]
[393.1254, 768618]
[395.36304, 776305]
[393.21755, 784068]
[401.24174, 791908]
[408.57874, 799827]
[410.02451, 807826]
[416.87398, 815904]
[418.38823, 824063]
[418.97937, 832304]
[430.91338, 840627]
[429.70318, 849033]
[431.21363, 857523]
[439.93126, 866099]
[439.96429, 874760]
[458.48684, 883507]
[455.50358, 892342]
[461.15495, 901266]
[489.27974, 910278]
[468.70341, 919381]
[467.55953, 928575]
[472.39976, 937861]
[482.55154, 947239]
[488.87713, 956712]
[498.58758, 966279]
[500.07816, 975942]
[498.25818, 985701]
[506.55536, 995558]
[511.99443, 1005514]
[519.97782, 1015569]
[530.32806, 1025724]
[525.49933, 1035982]
[535.4445, 1046342]
[538.54406, 1056805]
[542.64676, 1067373]
[547.60111, 1078047]
[547.44928, 1088827]
[561.99582, 1099716]
[572.36796, 1110713]
[577.12727, 1121820]
[570.98859, 1133038]
[584.66802, 1144368]
[614.68011, 1155812]
[611.92686, 1167370]
[600.66701, 1179044]
[616.65527, 1190834]
[615.65598, 1202743]
[617.53656, 1214770]
[635.6812, 1226918]
[639.12212, 1239187]
[639.73725, 1251579]
[641.45039, 1264095]
[657.15039, 1276736]
[668.35621, 1289503]
[667.44368, 1302398]
[674.41994, 1315422]
[676.42942, 1328576]
[694.00779, 1341862]
[707.89611, 1355281]
[709.70841, 1368833]
[709.55307, 1382522]
[713.38142, 1396347]
[730.50209, 1410310]
[727.12575, 1424414]
[738.32063, 1438658]
[739.93332, 1453044]
[758.11116, 1467575]
[768.47303, 1482251]
[765.61862, 1497073]
[775.23428, 1512044]
[793.58324, 1527164]
[799.68623, 1542436]
[805.22467, 1557860]
[809.26754, 1573439]
[822.55512, 1589173]
[820.65564, 1605065]
[826.93969, 1621116]
[897.37156, 1637327]
[843.46827, 1653700]
[862.03175, 1670237]
[876.53385, 1686939]
[889.46214, 1703809]
[894.71683, 1720847]
[891.33469, 1738055]
[914.71488, 1755436]
[925.81047, 1772990]
[920.068, 1790720]
[927.79041, 1808627]
[948.46497, 1826714]
[952.42897, 1844981]
[966.7031, 1863431]
[970.39301, 1882065]
[976.96826, 1900886]
[995.95186, 1919895]
[1006.60266, 1939093]
[1019.86894, 1958484]
[1020.90022, 1978069]
[1035.00116, 1997850]
[1039.26058, 2017828]
[1061.99958, 2038007]
[1077.05425, 2058387]
[1067.66392, 2078971]
[1080.23802, 2099760]
[1093.15651, 2120758]
[1107.86807, 2141966]
[1120.03103, 2163385]
[1151.01726, 2185019]
[1134.04214, 2206869]
[1156.28888, 2228938]
[1169.57979, 2251227]
[1201.88558, 2273740]
[1189.60287, 2296477]
[1208.84176, 2319442]
[1224.09479, 2342636]
[1221.77272, 2366063]
[1238.93161, 2389723]
[1249.11039, 2413621]
[1268.03856, 2437757]
[1284.02404, 2462134]
[1305.9431, 2486756]
[1328.37745, 2511623]
[1308.15924, 2536739]
[1335.08967, 2562107]
[1346.80643, 2587728]
[1363.52508, 2613605]
[1371.49956, 2639741]
[1381.72118, 2666139]
[1395.52371, 2692800]
[1404.79869, 2719728]
[1423.41699, 2746925]
[1439.93458, 2774395]
[1446.98514, 2802139]
[1483.23746, 2830160]
[1487.85596, 2858462]
[1499.08242, 2887046]
[1523.84731, 2915917]
[1537.06206, 2945076]
[1554.50172, 2974527]
[1571.24218, 3004272]
[1573.29253, 3034315]
[1595.05953, 3064658]
[1615.48782, 3095304]
[1629.95335, 3126257]
[1644.18138, 3157520]
[1654.36132, 3189095]
[1674.96137, 3220986]
[1696.20916, 3253196]
[1724.87699, 3285728]
[1736.62088, 3318585]
[1770.02457, 3351771]
[1757.01387, 3385289]
[1798.58457, 3419142]
[1803.41786, 3453333]
[1816.55258, 3487866]
[1844.86341, 3522745]
[1849.06312, 3557973]
[1877.53704, 3593552]
[1885.32046, 3629488]
[1906.05775, 3665783]
[1937.32738, 3702441]
[1947.05307, 3739465]
[2001.20136, 3776860]
[2037.65723, 3814628]
[2005.75312, 3852774]
[2054.47977, 3891302]
[2066.09343, 3930215]
[2087.03828, 3969517]
[2120.05877, 4009213]
[2159.3488, 4049305]
[2151.23138, 4089798]
[2165.53476, 4130696]
[2177.5398, 4172003]
[2215.98627, 4213723]
[2242.13946, 4255860]
[2263.54979, 4298419]
[2278.98719, 4341403]
[2320.45249, 4384817]
[2314.09759, 4428665]
[2340.29326, 4472952]
[2375.21801, 4517681]
[2380.50072, 4562858]
[2429.06549, 4608487]
[2462.96828, 4654571]
[2458.57834, 4701117]
[2492.01307, 4748128]
[2522.03712, 4795610]
[2538.60096, 4843566]
[2582.66947, 4892001]
[2593.74187, 4940921]
[2652.05601, 4990331]
[2637.08951, 5040234]
[2714.04188, 5090636]
[2704.45644, 5141543]
[2720.31272, 5192958]
[2769.04484, 5244888]
[2793.18857, 5297337]
[2830.77702, 5350310]
[2846.08121, 5403813]
[2879.71309, 5457851]
[2925.36249, 5512430]
[2948.47629, 5567554]
[2980.38984, 5623230]
[3049.44294, 5679462]
[3050.49233, 5736256]
[3106.12687, 5793619]
[3089.30596, 5851555]
[3119.5806, 5910071]
[3128.44728, 5969171]
[3183.28092, 6028863]
[3210.00703, 6089152]
[3240.82017, 6150043]
[3292.58942, 6211544]
[3314.53516, 6273659]
[3335.94321, 6336396]
[3366.13001, 6399760]
[3456.22107, 6463757]
[3470.72424, 6528395]
[3553.12014, 6593679]
[3507.03749, 6659616]
[3551.51422, 6726212]
[3571.81627, 6793474]
[3623.72889, 6861409]
[3661.26253, 6930023]
[3707.25844, 6999323]
[3725.36623, 7069316]
[3775.54507, 7140009]
[3840.45204, 7211410]
[3872.86186, 7283524]
[3925.36162, 7356359]
[3932.55233, 7429923]
[3977.14394, 7504222]
[3982.99339, 7579264]
[4052.31455, 7655057]
[4077.28245, 7731607]
[4111.51519, 7808923]
[4190.2928, 7887013]
[4199.40596, 7965883]
[4247.35066, 8045541]
[4288.75784, 8125997]
[4342.64348, 8207257]
[4383.13811, 8289329]
[4456.37811, 8372223]
[4483.61133, 8455945]
[4510.50956, 8540504]
[4581.78341, 8625909]
[4613.16172, 8712169]
[4644.35938, 8799290]
[4732.14642, 8887283]
[4747.10931, 8976156]
[4779.31449, 9065918]
[4859.55838, 9156577]
[4951.61054, 9248143]
[4957.88945, 9340624]
[4998.85621, 9434030]
[5076.81133, 9528371]
[5089.32286, 9623654]
[5147.37505, 9719891]
[5189.95506, 9817090]
[5250.29818, 9915261]
[5329.9925, 10014413]
[5382.82816, 10114557]
[5420.13822, 10215703]
[5533.25555, 10317860]
[5554.28811, 10421039]
[5564.96092, 10525249]
[5659.9063, 10630501]
[5710.2839, 10736806]
[5762.21359, 10844175]
[5814.41245, 10952616]
[5919.17995, 11062142]
[5917.55001, 11172764]
[5989.72171, 11284492]
[6046.49298, 11397336]
[6147.45234, 11511310]
[6234.13045, 11626423]
[6288.04063, 11742687]
[6315.07441, 11860114]
[6377.90418, 11978715]
[6423.50894, 12098502]
[6503.8232, 12219487]
[6611.71478, 12341682]
[6605.78446, 12465099]
[6720.9765, 12589750]
[6871.71416, 12715648]
[6836.75596, 12842804]
[6941.26372, 12971232]
[6954.38611, 13100944]
[7066.99262, 13231954]
[7095.39696, 13364273]
[7207.91192, 13497916]
[7326.01482, 13632895]
[7335.70796, 13769224]
[7443.23277, 13906917]
[7532.583, 14045986]
[7532.45694, 14186446]
[7669.70506, 14328310]
[7714.89995, 14471593]
[7795.3858, 14616309]
[7884.69835, 14762472]
[7903.75881, 14910097]
[8643.22845, 15059198]
[8077.35018, 15209790]
[8169.06456, 15361888]
[8198.89683, 15515507]
[8337.94403, 15670662]
[8580.57649, 15827368]
[8664.20796, 15985642]
[8616.16759, 16145498]
[8696.76201, 16306953]
[8784.19753, 16470023]
[8885.11502, 16634723]
[8959.38837, 16801070]
[9063.72456, 16969081]
[9131.54508, 17138772]
[9212.78258, 17310160]
[9316.35637, 17483261]
[9365.70579, 17658094]
[9534.16797, 17834675]
[9641.38453, 18013022]
[9729.15941, 18193152]
[9813.12837, 18375083]
[9893.37726, 18558834]
[10053.85939, 18744422]
[10125.68094, 18931867]
[10215.66276, 19121185]
[10281.0973, 19312397]
[10385.51329, 19505521]
[10567.11786, 19700576]
[10661.08261, 19897582]
[10682.1718, 20096558]
[10861.91013, 20297524]
[10973.68978, 20500499]
[11077.75188, 20705504]
[11149.67202, 20912559]
[11267.56125, 21121685]
[11416.03358, 21332901]
[11506.99709, 21546230]
[11648.65539, 21761693]
[11774.09366, 21979310]
[11891.49795, 22199103]
[11967.41029, 22421094]
[12146.83158, 22645305]
[12210.6739, 22871758]
[12345.19516, 23100475]
[12471.00687, 23331480]
[12666.15158, 23564795]
[12704.18016, 23800443]
[12879.4325, 24038447]
[13260.09978, 24278832]
[13115.60896, 24521620]
[13306.59883, 24766836]
[13470.85947, 25014505]
[13641.83127, 25264650]
[13598.51915, 25517296]
[13780.76454, 25772469]
[13905.0696, 26030194]
[14125.8001, 26290496]
[14091.81854, 26553401]
[14277.25932, 26818935]
[14452.85017, 27087124]
[14736.86148, 27357995]
[14826.78064, 27631575]
[14932.46261, 27907891]
[15238.47874, 28186970]
[15303.60646, 28468840]
[15386.47568, 28753528]
[15508.58239, 29041063]
[15698.38251, 29331474]
[16030.43946, 29624789]
[16071.92179, 29921037]
[16114.73535, 30220247]
[16488.64871, 30522450]
[16503.03493, 30827674]
[16640.37077, 31135951]
[16802.4941, 31447310]
[16955.74208, 31761783]
[17175.50371, 32079401]
[17452.31746, 32400195]
[17498.71645, 32724197]
[17756.06382, 33051439]
[17894.76976, 33381954]
[18405.12525, 33715773]
[18294.83009, 34052931]
[18386.90495, 34393460]
[18554.52888, 34737395]
[18801.5516, 35084769]
[18991.88722, 35435616]
[19060.3366, 35789973]
[19282.70796, 36147872]
[19662.65035, 36509351]
[19778.03562, 36874445]
[20002.84724, 37243189]
[20231.04474, 37615621]
[20712.32295, 37991777]
[20561.37456, 38371695]
[20744.26801, 38755412]
[21023.4923, 39142966]
[21109.54761, 39534396]
[21490.76088, 39929740]
[21737.84219, 40329037]
[21793.41831, 40732327]
[22056.97916, 41139651]
[22315.17888, 41551047]
[22533.15881, 41966558]
[22560.99635, 42386223]
[22995.73836, 42810085]
[23201.33777, 43238186]
[23319.41266, 43670568]
[23787.27539, 44107274]
[24115.04481, 44548347]
[24243.34019, 44993830]
[24479.55328, 45443768]
[24480.8988, 45898206]
[24834.61758, 46357188]
[25359.69221, 46820760]
[25446.78929, 47288968]
[25645.16785, 47761857]
[25797.67033, 48239476]
[25904.58122, 48721871]
[26390.83972, 49209089]
[26859.73599, 49701180]
[26954.43776, 50198192]
[27284.00459, 50700174]
[27542.32782, 51207176]
[27892.52525, 51719248]
[28172.22625, 52236440]
[28478.72748, 52758804]
[28538.84187, 53286392]
[28847.1272, 53819256]
[29241.87146, 54357449]
[29587.03911, 54901023]
[29701.49108, 55450034]
[30130.43534, 56004534]
[30547.18779, 56564579]
[30765.33323, 57130225]
[31057.19536, 57701527]
[31575.36777, 58278543]
[31498.82326, 58861328]
[32187.74559, 59449941]
[32316.38841, 60044441]
[32737.28517, 60644885]
[32719.8252, 61251334]
[33343.96674, 61863847]
[33718.08092, 62482486]
[34015.49194, 63107311]
[34195.13646, 63738384]
[34596.1999, 64375768]
[35096.8319, 65019525]
[35433.10165, 65669721]
[35691.49813, 66326418]
[36150.59459, 66989682]
[36589.22647, 67659579]
[36845.93961, 68336175]
[37158.12708, 69019537]
[37726.52832, 69709732]
[37870.02873, 70406829]
[38504.14749, 71110898]
[38416.51968, 71822006]
[39333.77857, 72540227]
[39493.57689, 73265629]
[39789.95608, 73998285]
[40088.64228, 74738268]
[40704.05236, 75485651]
[40864.69922, 76240507]
[41444.0833, 77002912]
[41832.07916, 77772941]
[42184.67522, 78550671]
[42853.97285, 79336178]
[43609.17632, 80129539]
[43631.14493, 80930835]
[44596.4014, 81740143]
[44405.57523, 82557544]
[44832.71146, 83383120]
[45324.43492, 84216951]
[45660.79588, 85059121]
[46221.73234, 85909712]
[47232.37589, 86768809]
[47426.87865, 87636497]
[47804.27051, 88512862]
[48330.99503, 89397991]
[49642.20225, 90291971]
[49284.11869, 91194890]
[49808.61067, 92106839]
[50601.02521, 93027908]
[50796.89293, 93958187]
[51150.04854, 94897769]
[51702.90945, 95846746]
[52332.30966, 96805214]
[52578.1915, 97773266]
[53032.80159, 98750999]
[54023.78212, 99738509]
[56054.42486, 100735894]
[55080.54479, 101743253]
[55209.57442, 102760685]
[56048.29781, 103788292]
[56793.86769, 104826175]
[57746.08599, 105874437]
[57752.57846, 106933181]
[58397.295, 108002513]
[58959.77846, 109082538]
[59833.96038, 110173363]
[60434.34251, 111275097]
[60808.10542, 112387848]
[62001.78482, 113511726]
[62069.62506, 114646844]
[62156.22344, 115793312]
[63308.28003, 116951245]
[63828.74381, 118120758]
[64697.76029, 119301965]
[65151.77935, 120494985]
[66176.3531, 121699935]
[66108.47866, 122916934]
[66761.2452, 124146103]
[67691.84098, 125387565]
[68888.95415, 126641440]
[69397.02359, 127907855]
[69424.01122, 129186933]
[70745.07767, 130478802]
[70719.03486, 131783591]
[72257.14699, 133101426]
[72546.02404, 134432441]
[73541.91312, 135776765]
[74453.40342, 137134533]
[75168.2863, 138505878]
[75642.1043, 139890937]
[77150.54631, 141289846]
[77048.50967, 142702745]
[77653.46623, 144129772]
[78729.48048, 145571070]
[79703.2016, 147026781]
[81476.99874, 148497048]
[81661.82159, 149982019]
[82006.80839, 151481839]
[82892.57886, 152996657]
[83598.22141, 154526624]
[84557.5503, 156071890]
[85272.56482, 157632609]
[86804.94672, 159208935]
[87320.57007, 160801025]
[87659.43292, 162409035]
[88421.23015, 164033125]
[90098.48767, 165673457]
[90426.29239, 167330191]
[91845.81657, 169003493]
[92538.27023, 170693528]
[93116.43754, 172400463]
[94412.05936, 174124468]
[95455.0715, 175865713]
[96061.77222, 177624370]
[97833.01794, 179400613]
[97832.06828, 181194620]
[99001.33249, 183006566]
[99959.69425, 184836631]
[101532.83327, 186684998]
[102337.48338, 188551848]
[104061.60858, 190437366]
[103951.15592, 192341740]
[105237.05769, 194265157]
[105500.31385, 196207809]
[107547.29541, 198169887]
[109349.39807, 200151586]
[110730.50198, 202153102]
[111238.32731, 204174633]
[111850.24349, 206216379]
[113869.38399, 208278543]
[114380.98804, 210361328]
[115788.38459, 212464942]
[117102.70582, 214589591]
[117805.31945, 216735487]
[120501.81328, 218902842]
[121044.02586, 221091870]
[121863.05653, 223302789]
[123642.96575, 225535817]
[124226.25749, 227791175]
[125571.98406, 230069087]
[126673.89468, 232369778]
[127632.48884, 234693475]
[130845.71884, 237040410]
[141490.37857, 239410814]
